SNP,Chromosome,Position,P.value,effect,maf,nobs
NsiI.TP436966,3,208286,0.000193681749170928,NA,0.0990566037735849,106
PstI.TP1159423,11,8140,0.000283751416961277,NA,0.405660377358491,106
PstI.TP1052140,6,19137861,0.000403834801321211,NA,0.0990566037735849,106
PstI.TP895159,11,6243,0.00119378611537555,NA,0.160377358490566,106
NsiI.TP579169,7,40226521,0.00142302499777569,NA,0.0377358490566038,106
NsiI.TP560012,11,16067,0.00176268695912715,NA,0.297169811320755,106
NsiI.TP481176,1,7350098,0.00197078737285789,NA,0.245283018867925,106
NsiI.TP819458,11,19172,0.00205817651970748,NA,0.108490566037736,106
PstI.TP1126710,1,18437271,0.00227491739401514,NA,0.0235849056603774,106
PstI.TP688032,2,65120135,0.00254480641913665,NA,0.0188679245283019,106
PstI.TP490779,11,3725,0.0029095632411359,NA,0.0613207547169811,106
PstI.TP1176910,11,8293,0.00333145968635249,NA,0.0188679245283019,106
PstI.TP457393,1,60097068,0.00344421428322543,NA,0.207547169811321,106
PstI.TP245404,1,79960134,0.00362904127478341,NA,0.150943396226415,106
NsiI.TP394481,1,72690463,0.00369093027714163,NA,0.316037735849057,106
PstI.TP1071296,11,7466,0.00448928307497026,NA,0.132075471698113,106
PstI.TP332845,3,68039381,0.0047524846086956,NA,0.452830188679245,106
PstI.TP532426,7,64966356,0.00505080634048892,NA,0.476415094339623,106
PstI.TP325958,3,54129415,0.00535188566089296,NA,0.283018867924528,106
PstI.TP708955,4,2043677,0.00542790275641786,NA,0.10377358490566,106
PstI.TP365645,1,61353360,0.00552578825725968,NA,0.108490566037736,106
PstI.TP935651,4,66370793,0.0060825312108609,NA,0.212264150943396,106
PstI.TP360841,2,2832783,0.0063206644229653,NA,0.400943396226415,106
NsiI.TP179941,8,55948810,0.00637739075787251,NA,0.0471698113207547,106
PstI.TP568461,3,74315454,0.00639715378467032,NA,0.0235849056603774,106
NsiI.TP55777,4,64398950,0.00683908064439534,NA,0.108490566037736,106
NsiI.TP57283,6,49505312,0.00686206525186607,NA,0.132075471698113,106
PstI.TP740179,3,8414014,0.00758103909079265,NA,0.0424528301886793,106
NsiI.TP66747,11,9923,0.0076062625683552,NA,0.0471698113207547,106
NsiI.TP457503,11,14566,0.0076893364492712,NA,0.0377358490566038,106
PstI.TP13843,2,57967122,0.00805148832512227,NA,0.0424528301886792,106
PstI.TP352846,1,71717994,0.00861334984307317,NA,0.278301886792453,106
PstI.TP548709,2,61335066,0.00964468689844186,NA,0.0660377358490566,106
PstI.TP437672,11,3353,0.00994902403469635,NA,0.0801886792452831,106
PstI.TP9218,11,63,0.0105060926998541,NA,0.117924528301887,106
PstI.TP582448,11,4183,0.0106503149349483,NA,0.0471698113207547,106
PstI.TP217258,3,3992070,0.0111083587708736,NA,0.0424528301886793,106
NsiI.TP743958,11,18247,0.0112346386135904,NA,0.0424528301886793,106
PstI.TP838226,7,56380657,0.0113110736685669,NA,0.0471698113207547,106
NsiI.TP529124,3,63127607,0.0113734824302045,NA,0.141509433962264,106
PstI.TP865711,11,6040,0.0115016087660496,NA,0.481132075471698,106
PstI.TP901545,1,71391273,0.0116664758190322,NA,0.0330188679245283,106
PstI.TP629259,1,4276027,0.011811618434315,NA,0.377358490566038,106
PstI.TP679208,7,2374884,0.0126659445052441,NA,0.0613207547169811,106
PstI.TP85647,10,60886778,0.0128002387098764,NA,0.0566037735849056,106
PstI.TP719659,10,54993631,0.0128219554659652,NA,0.433962264150943,106
PstI.TP692748,11,4800,0.0130349718608963,NA,0.0566037735849056,106
NsiI.TP616446,9,56031936,0.013075131010263,NA,0.44811320754717,106
PstI.TP938416,11,6563,0.0132290625179666,NA,0.0518867924528302,106
PstI.TP1281273,9,52305676,0.0133901809702913,NA,0.264150943396226,106
PstI.TP532669,4,3498516,0.0134729024898639,NA,0.466981132075472,106
PstI.TP444076,11,3404,0.0141588388938547,NA,0.183962264150943,106
NsiI.TP360999,1,10465743,0.0146043972288466,NA,0.089622641509434,106
PstI.TP1107519,9,3315165,0.0149923186055509,NA,0.0471698113207547,106
NsiI.TP227369,10,177463,0.0150878436182521,NA,0.080188679245283,106
PstI.TP1100905,3,73743770,0.0154321257906283,NA,0.080188679245283,106
PstI.TP683907,1,4900973,0.0158420975368039,NA,0.174528301886792,106
PstI.TP576366,2,375350,0.0160107541123785,NA,0.0471698113207547,106
PstI.TP1009631,1,4625223,0.0161253329915431,NA,0.0707547169811321,106
PstI.TP731882,3,19716780,0.0163796395099244,NA,0.0660377358490566,106
PstI.TP1226186,3,7342289,0.0168164838430661,NA,0.292452830188679,106
PstI.TP527171,11,3934,0.0170645130458482,NA,0.0141509433962264,106
NsiI.TP274765,6,47625849,0.0171305363470061,NA,0.320754716981132,106
PstI.TP504809,4,5155593,0.0174163441202923,NA,0.424528301886792,106
PstI.TP1019197,11,7072,0.0175579685737686,NA,0.0377358490566038,106
PstI.TP788586,6,57442567,0.0177062448478904,NA,0.363207547169811,106
PstI.TP772842,11,5335,0.0180046088608593,NA,0.160377358490566,106
PstI.TP972096,2,3042190,0.0181625584821092,NA,0.0283018867924528,106
NsiI.TP279812,2,66497329,0.0183422150420289,NA,0.169811320754717,106
PstI.TP770895,1,13263569,0.0185413855892197,NA,0.127358490566038,106
NsiI.TP440927,1,20252244,0.0186263950182436,NA,0.0943396226415094,106
PstI.TP1257104,3,2916484,0.0187154459489089,NA,0.254716981132075,106
PstI.TP308053,1,8330660,0.0193350493509442,NA,0.113207547169811,106
PstI.TP919648,11,6431,0.0198371522692318,NA,0.0141509433962264,106
PstI.TP476949,1,5536792,0.0198596507522073,NA,0.5,106
PstI.TP569914,5,1262747,0.0202836473762639,NA,0.268867924528302,106
PstI.TP686919,3,15422502,0.0209033205908831,NA,0.259433962264151,106
PstI.TP1067903,9,48843269,0.021195474940989,NA,0.5,106
PstI.TP541575,2,74276308,0.0212115709873504,NA,0.0943396226415094,106
PstI.TP772632,2,65920887,0.0215569236641469,NA,0.179245283018868,106
NsiI.TP45036,3,389776,0.021563564790137,NA,0.0424528301886792,106
NsiI.TP533643,3,471619,0.0215635647901373,NA,0.0424528301886793,106
PstI.TP317589,5,59272686,0.0216797850349769,NA,0.0235849056603774,106
PstI.TP939213,1,11990855,0.0216819818310928,NA,0.0330188679245284,106
NsiI.TP181198,8,55572072,0.0217279722957101,NA,0.132075471698113,106
PstI.TP890773,9,1435661,0.0217585464819818,NA,0.0330188679245284,106
PstI.TP38986,11,318,0.021816668150781,NA,0.0377358490566038,106
PstI.TP570326,10,50662192,0.0223631692845666,NA,0.0660377358490566,106
PstI.TP809778,10,8543510,0.0230622545018894,NA,0.0330188679245283,106
PstI.TP1059365,4,3535002,0.0231057199839464,NA,0.0235849056603774,106
PstI.TP819138,3,57316499,0.0232615904382753,NA,0.0235849056603774,106
NsiI.TP517346,3,18784331,0.0234216678212112,NA,0.0330188679245283,106
PstI.TP397988,4,54041708,0.0234283261004326,NA,0.155660377358491,106
NsiI.TP252602,1,68982448,0.0244194910856951,NA,0.0330188679245284,106
PstI.TP690712,11,4775,0.0244548483839719,NA,0.0188679245283019,106
PstI.TP248632,4,6371322,0.0246397514662707,NA,0.0754716981132075,106
NsiI.TP435687,5,7920477,0.0247990749978546,NA,0.0613207547169812,106
PstI.TP1268585,1,2988383,0.0248031366955997,NA,0.382075471698113,106
PstI.TP530837,1,65836675,0.0248559128570063,NA,0.0754716981132075,106
PstI.TP634696,2,61336578,0.0252623924961638,NA,0.0141509433962264,106
PstI.TP1175461,11,8280,0.0252996386605534,NA,0.25,106
PstI.TP836276,8,58576029,0.0256817351935552,NA,0.0141509433962265,106
PstI.TP737962,11,5096,0.025861815793594,NA,0.410377358490566,106
PstI.TP537424,3,53114444,0.0258647591975346,NA,0.334905660377358,106
PstI.TP71986,1,78100718,0.025939167395014,NA,0.183962264150943,106
NsiI.TP326794,1,58346265,0.0261687420250098,NA,0.0330188679245283,106
NsiI.TP464287,2,61339842,0.0264436879683614,NA,0.0424528301886792,106
PstI.TP288641,1,27158173,0.0270549606334585,NA,0.0518867924528302,106
PstI.TP133700,2,57163911,0.0270601610262345,NA,0.0283018867924528,106
PstI.TP383553,10,12321978,0.0271660126581684,NA,0.0613207547169811,106
PstI.TP856013,11,5962,0.0271712355376151,NA,0.0518867924528302,106
PstI.TP1062903,1,16796019,0.0276666586176933,NA,0.0424528301886792,106
NsiI.TP152407,2,59441712,0.0286459327985884,NA,0.0707547169811321,106
PstI.TP419952,1,13194145,0.0287376728337113,NA,0.0471698113207547,106
PstI.TP736289,1,4314719,0.0292400433054542,NA,0.0283018867924528,106
PstI.TP337951,4,40615943,0.0293070377722305,NA,0.35377358490566,106
PstI.TP1036003,3,59881138,0.0294543488917364,NA,0.0188679245283019,106
PstI.TP770204,3,67523376,0.0294977681528607,NA,0.0518867924528302,106
NsiI.TP359278,6,53064783,0.0298792446093002,NA,0.10377358490566,106
PstI.TP942201,6,51864974,0.0304348227421181,NA,0.108490566037736,106
PstI.TP850689,6,49449385,0.0309296181845057,NA,0.0283018867924528,106
PstI.TP350262,8,2905616,0.0312945381504764,NA,0.471698113207547,106
PstI.TP459896,11,3510,0.031299220087138,NA,0.0801886792452831,106
NsiI.TP246083,3,49774550,0.0313361059181114,NA,0.0141509433962264,106
PstI.TP1105986,6,45582438,0.0313730910163655,NA,0.141509433962264,106
PstI.TP1022061,3,61377198,0.0317703537446066,NA,0.14622641509434,106
NsiI.TP85817,11,10079,0.031833216488697,NA,0.0188679245283019,106
NsiI.TP501821,5,53570195,0.0327738855159867,NA,0.0566037735849056,106
PstI.TP1234552,10,60231357,0.0328668206722751,NA,0.25,106
PstI.TP539015,11,4010,0.033081057093656,NA,0.0283018867924528,106
PstI.TP460935,1,18308167,0.033764802397373,NA,0.0188679245283019,106
PstI.TP9255,11,64,0.0337978753415938,NA,0.10377358490566,106
PstI.TP664215,11,4634,0.0345348624854003,NA,0.089622641509434,106
PstI.TP639463,6,60717357,0.0345840978516666,NA,0.174528301886792,106
PstI.TP260492,2,69620358,0.0359159385189989,NA,0.0330188679245284,106
PstI.TP720017,11,4972,0.0361024008846134,NA,0.0330188679245284,106
PstI.TP301480,11,2383,0.0364283211168571,NA,0.0943396226415094,106
PstI.TP15027,1,50852753,0.0369486232037016,NA,0.330188679245283,106
PstI.TP112609,11,932,0.0372497708380556,NA,0.155660377358491,106
NsiI.TP425376,3,65120217,0.0374723423631744,NA,0.0141509433962265,106
PstI.TP188641,3,6088178,0.0375014676225592,NA,0.141509433962264,106
PstI.TP521411,11,3897,0.0380327668261207,NA,0.0330188679245284,106
NsiI.TP282888,2,675031,0.03810204424954,NA,0.0660377358490566,106
PstI.TP875866,4,64992383,0.0381335054795573,NA,0.0377358490566038,106
NsiI.TP634700,7,56479768,0.0382360668581341,NA,0.0613207547169812,106
PstI.TP1255816,11,8839,0.038338217791597,NA,0.0377358490566038,106
NsiI.TP408031,2,72193245,0.0383821055379219,NA,0.0471698113207547,106
NsiI.TP388907,2,71256645,0.0385879791185509,NA,0.283018867924528,106
PstI.TP1250222,11,8799,0.0386699246680429,NA,0.0518867924528302,106
PstI.TP525604,1,78648237,0.038946073489285,NA,0.471698113207547,106
PstI.TP1199327,11,8475,0.0390197246165336,NA,0.160377358490566,106
PstI.TP721827,2,58288607,0.0395718828466308,NA,0.188679245283019,106
NsiI.TP337751,1,60167980,0.0396467463498156,NA,0.386792452830189,106
PstI.TP201653,11,1648,0.0399541381940244,NA,0.0235849056603774,106
PstI.TP1031399,1,1661159,0.0401824227870266,NA,0.174528301886792,106
PstI.TP65497,11,546,0.0403848956148872,NA,0.0283018867924528,106
NsiI.TP502918,11,15278,0.0407187371312548,NA,0.0235849056603774,106
NsiI.TP429781,11,14032,0.041051076112235,NA,0.0518867924528302,106
PstI.TP1048748,3,64771307,0.0411255275051379,NA,0.0330188679245283,106
PstI.TP897375,11,6255,0.0414028264539105,NA,0.0707547169811321,106
PstI.TP831544,10,5137704,0.0414707981079614,NA,0.183962264150943,106
PstI.TP947391,1,4891496,0.0416901609839567,NA,0.0377358490566038,106
PstI.TP487745,6,47618306,0.0423071821778679,NA,0.0235849056603774,106
PstI.TP399236,6,58316655,0.0430049430227147,NA,0.0188679245283019,106
NsiI.TP244874,11,11894,0.0431490620088883,NA,0.0660377358490566,106
PstI.TP762971,11,5268,0.0431598341066832,NA,0.0707547169811321,106
PstI.TP243328,2,58674737,0.0433464871240406,NA,0.405660377358491,106
NsiI.TP38202,1,74974320,0.0434609583101444,NA,0.188679245283019,106
PstI.TP513843,3,2577255,0.0439142444893601,NA,0.320754716981132,106
PstI.TP798238,3,73087364,0.0443724403986855,NA,0.25,106
PstI.TP210560,11,1723,0.0445548342437363,NA,0.0707547169811321,106
NsiI.TP346008,4,67938088,0.0447493898125041,NA,0.113207547169811,106
NsiI.TP561393,9,54150213,0.0447882335220657,NA,0.0141509433962264,106
NsiI.TP663012,9,52480175,0.0452577287262371,NA,0.311320754716981,106
PstI.TP17994,3,60977256,0.0453239477507055,NA,0.0283018867924528,106
PstI.TP195962,7,63734553,0.0460455436308449,NA,0.0754716981132075,106
PstI.TP641744,2,61738293,0.0460663149967885,NA,0.25,106
PstI.TP25299,5,63419016,0.0461481056505318,NA,0.0377358490566038,106
PstI.TP1015835,1,6514843,0.0472251314293025,NA,0.193396226415094,106
PstI.TP329411,11,2608,0.0477666183131354,NA,0.0188679245283019,106
PstI.TP214637,11,1753,0.0479767306847726,NA,0.433962264150943,106
PstI.TP1175455,6,49891048,0.0480190268646678,NA,0.0377358490566038,106
NsiI.TP7764,2,8133534,0.0480451379130667,NA,0.273584905660377,106
PstI.TP716101,6,47677795,0.0481368511742191,NA,0.216981132075472,106
PstI.TP450060,7,8209747,0.0481902926568639,NA,0.0990566037735849,106
NsiI.TP328982,11,12748,0.0486033131288471,NA,0.160377358490566,106
PstI.TP1084987,1,78521283,0.048701991311282,NA,0.0660377358490566,106
PstI.TP546331,1,59140499,0.0487569694833521,NA,0.0566037735849056,106
NsiI.TP646777,2,13780108,0.0497048742668445,NA,0.0188679245283019,106
PstI.TP552710,11,4086,0.0497203782756171,NA,0.0235849056603774,106
PstI.TP269566,3,63644939,0.0497586539045007,NA,0.30188679245283,106
PstI.TP256804,4,2309598,0.0497910131456531,NA,0.0660377358490566,106
PstI.TP664921,6,56510699,0.0499638697323928,NA,0.0235849056603774,106
NsiI.TP259318,6,57753357,0.0499805578737158,NA,0.386792452830189,106
PstI.TP535893,1,73975816,0.050116040064952,NA,0.0518867924528302,106
NsiI.TP437945,11,14224,0.0503790976826256,NA,0.391509433962264,106
NsiI.TP36448,11,9550,0.0507634298500335,NA,0.0188679245283019,106
NsiI.TP301361,10,8099842,0.0509163336848369,NA,0.169811320754717,106
PstI.TP901904,8,570863,0.0509657973707585,NA,0.0424528301886792,106
PstI.TP636619,10,48115927,0.0510582330849739,NA,0.0471698113207547,106
PstI.TP749310,2,9525754,0.0511688159326863,NA,0.259433962264151,106
PstI.TP999900,4,61190544,0.0512718043312106,NA,0.0330188679245283,106
NsiI.TP37044,11,9562,0.0521323815307592,NA,0.0283018867924528,106
PstI.TP1231486,2,73904492,0.0524222898359993,NA,0.268867924528302,106
NsiI.TP588890,4,9914641,0.0524279173437975,NA,0.39622641509434,106
NsiI.TP266103,6,38025469,0.0530303540138012,NA,0.424528301886792,106
PstI.TP629514,6,40243524,0.0537377185738748,NA,0.089622641509434,106
PstI.TP1169104,4,19508414,0.0538767119352886,NA,0.358490566037736,106
PstI.TP254515,3,50898097,0.0540363524728887,NA,0.0471698113207547,106
NsiI.TP469220,11,14746,0.0543882827603122,NA,0.0283018867924528,106
PstI.TP738881,2,57512325,0.0549519986038107,NA,0.212264150943396,106
PstI.TP1010043,11,7011,0.0550167422897088,NA,0.0613207547169812,106
PstI.TP602287,7,10755063,0.0551207657433651,NA,0.433962264150943,106
PstI.TP308061,1,60402946,0.055380320389094,NA,0.0283018867924528,106
PstI.TP1068347,7,62120815,0.0555103854854821,NA,0.117924528301887,106
PstI.TP41452,4,57358774,0.0557504054814094,NA,0.0660377358490566,106
NsiI.TP505754,2,66915519,0.0563063186317564,NA,0.0518867924528302,106
PstI.TP207042,3,68906982,0.0564387773007838,NA,0.0471698113207547,106
PstI.TP1274931,7,61404400,0.0569824017682643,NA,0.367924528301887,106
PstI.TP246329,3,29389536,0.0569972956851984,NA,0.0141509433962265,106
PstI.TP1129352,10,4682258,0.0571841145512496,NA,0.0849056603773585,106
PstI.TP107393,1,9287566,0.0574990202330671,NA,0.0471698113207547,106
PstI.TP166492,6,2200069,0.0576010345124805,NA,0.122641509433962,106
PstI.TP502131,1,59426545,0.057841097591373,NA,0.0235849056603774,106
PstI.TP1213378,1,46786394,0.0581526805691556,NA,0.0471698113207547,106
NsiI.TP117758,1,66087512,0.0584319340271335,NA,0.0188679245283019,106
PstI.TP350552,11,2761,0.0585376961413006,NA,0.0566037735849056,106
PstI.TP801546,11,5548,0.0586883326275582,NA,0.0518867924528302,106
PstI.TP1103944,4,64923940,0.0588144400540389,NA,0.0660377358490566,106
NsiI.TP66114,9,57265279,0.0593151755565945,NA,0.0707547169811321,106
PstI.TP342343,8,60537164,0.059696315930639,NA,0.386792452830189,106
PstI.TP1026818,11,7134,0.0597657414092065,NA,0.14622641509434,106
PstI.TP1156107,10,4914081,0.0599238503887351,NA,0.0518867924528302,106
PstI.TP944748,1,64883503,0.0604075571087297,NA,0.0518867924528302,106
PstI.TP1254872,7,56573064,0.0607225428285654,NA,0.0707547169811321,106
PstI.TP834155,7,64193319,0.0612050207159582,NA,0.0471698113207547,106
PstI.TP1038963,9,51887439,0.0612479817206156,NA,0.0141509433962264,106
PstI.TP1104589,9,56629291,0.0612802807864861,NA,0.245283018867924,106
PstI.TP643379,3,5147929,0.0613262234313217,NA,0.0660377358490566,106
PstI.TP714069,4,62405613,0.0613928009420577,NA,0.0235849056603774,106
PstI.TP808392,4,58052669,0.0618832347287724,NA,0.0188679245283019,106
NsiI.TP502082,10,1262753,0.0620603297075071,NA,0.0283018867924528,106
PstI.TP115113,4,61331043,0.0620670598307856,NA,0.0330188679245284,106
PstI.TP692299,11,4794,0.0623297505987144,NA,0.0518867924528302,106
PstI.TP172804,1,79485436,0.0628774984038753,NA,0.0849056603773585,106
PstI.TP1288486,1,7349710,0.0632969640263812,NA,0.19811320754717,106
NsiI.TP680194,11,17508,0.0635154398539833,NA,0.0188679245283019,106
NsiI.TP515271,3,9700583,0.063526451262242,NA,0.0235849056603774,106
PstI.TP1231789,5,8890329,0.0640291626215555,NA,0.0235849056603774,106
PstI.TP487081,3,2424586,0.0645027318954812,NA,0.141509433962264,106
PstI.TP318422,3,54362877,0.0645783287359266,NA,0.443396226415094,106
NsiI.TP494269,4,11587228,0.0647692645318974,NA,0.127358490566038,106
PstI.TP1088043,1,73790447,0.0650341802674658,NA,0.0471698113207547,106
NsiI.TP156088,1,74340900,0.0650341802674658,NA,0.0471698113207547,106
PstI.TP1153192,3,6746550,0.0650619387755834,NA,0.0188679245283019,106
NsiI.TP95031,6,54950661,0.0651045033780445,NA,0.0283018867924528,106
PstI.TP876794,1,65066495,0.065269287050109,NA,0.0424528301886792,106
NsiI.TP245967,4,61489840,0.0658277299493847,NA,0.0660377358490566,106
PstI.TP94114,1,68081418,0.066372951919667,NA,0.0235849056603774,106
PstI.TP442690,9,56608067,0.0664878727698315,NA,0.0141509433962265,106
NsiI.TP552745,11,15958,0.0665059939231503,NA,0.0613207547169811,106
NsiI.TP673519,6,49637725,0.0666958077824869,NA,0.14622641509434,106
PstI.TP1191629,11,8424,0.0669184005118626,NA,0.278301886792453,106
NsiI.TP551883,11,15946,0.0672801881698753,NA,0.0471698113207547,106
PstI.TP179103,7,57227560,0.0673306357479521,NA,0.0613207547169812,106
PstI.TP209814,3,2426320,0.0678460059277772,NA,0.0141509433962264,106
PstI.TP1000478,2,72314995,0.0679744724535918,NA,0.0235849056603774,106
NsiI.TP214130,8,60694496,0.0680461700647268,NA,0.0377358490566038,106
PstI.TP158463,3,61326761,0.068198001245492,NA,0.0188679245283019,106
NsiI.TP727404,10,60764600,0.068767844021524,NA,0.0990566037735849,106
PstI.TP59340,11,501,0.068964927773765,NA,0.433962264150943,106
PstI.TP1178902,5,2776062,0.0700139593709517,NA,0.0283018867924528,106
PstI.TP842828,3,8783224,0.0702327416844467,NA,0.0188679245283019,106
PstI.TP301119,11,2374,0.0702513540783578,NA,0.0754716981132075,106
PstI.TP18098,2,23769344,0.0702516490371973,NA,0.0849056603773585,106
PstI.TP1027117,3,70383646,0.0706159137682136,NA,0.0660377358490566,106
NsiI.TP395863,11,13491,0.0707444565667736,NA,0.132075471698113,106
PstI.TP985838,3,58380810,0.0710071570229628,NA,0.0754716981132075,106
PstI.TP292029,11,2312,0.071112668653619,NA,0.141509433962264,106
PstI.TP1114725,2,64759859,0.0719141431534238,NA,0.0518867924528302,106
NsiI.TP596197,11,16537,0.0719219916106537,NA,0.0471698113207547,106
PstI.TP1046316,3,72119163,0.0725523527516001,NA,0.0990566037735849,106
PstI.TP404885,6,51199851,0.0726793348810814,NA,0.0283018867924528,106
PstI.TP700381,8,56933270,0.072735119456372,NA,0.0141509433962265,106
PstI.TP615521,8,58093270,0.0727865140497033,NA,0.0707547169811321,106
PstI.TP105605,3,54845915,0.072911900618153,NA,0.0849056603773585,106
PstI.TP450610,11,3449,0.072999511383497,NA,0.316037735849057,106
PstI.TP639947,5,3135429,0.0732449953970159,NA,0.179245283018868,106
PstI.TP57121,11,475,0.0737769490498158,NA,0.254716981132076,106
NsiI.TP462536,1,62433879,0.0738262002580157,NA,0.0377358490566038,106
PstI.TP96953,11,798,0.0742559186601563,NA,0.462264150943396,106
PstI.TP698300,11,4824,0.0743850157447107,NA,0.155660377358491,106
PstI.TP417854,8,3908674,0.0745108676839365,NA,0.0330188679245283,106
PstI.TP218134,11,1777,0.0754802386141568,NA,0.0518867924528302,106
NsiI.TP421034,5,71242059,0.0755542937154919,NA,0.0141509433962265,106
PstI.TP1087235,11,7587,0.0757595221407842,NA,0.0377358490566038,106
NsiI.TP123409,10,8686160,0.0758901481798324,NA,0.0188679245283019,106
NsiI.TP421889,3,138526,0.0760131424761633,NA,0.193396226415094,106
PstI.TP168720,4,64338756,0.0771219180560843,NA,0.0424528301886793,106
PstI.TP814395,3,12067947,0.0773853914170773,NA,0.0660377358490566,106
PstI.TP972953,1,7984963,0.0777776959903733,NA,0.466981132075472,106
PstI.TP106713,11,884,0.0779655913216191,NA,0.0188679245283019,106
PstI.TP189129,1,73890221,0.0779996644359782,NA,0.0754716981132075,106
PstI.TP152056,5,64031521,0.0785324729529863,NA,0.0613207547169811,106
PstI.TP72398,11,609,0.0785340938532395,NA,0.0235849056603774,106
PstI.TP259066,2,56693726,0.0788072806675277,NA,0.0754716981132075,106
PstI.TP945656,8,20338622,0.0788516758617366,NA,0.141509433962264,106
PstI.TP1057124,9,9148132,0.0793830287258605,NA,0.386792452830189,106
NsiI.TP769989,6,55440097,0.0794265615133593,NA,0.0707547169811321,106
PstI.TP285571,3,56007559,0.0795495474140145,NA,0.0849056603773585,106
PstI.TP334182,1,74360210,0.0800085065776096,NA,0.0613207547169811,106
PstI.TP937213,11,6556,0.0808736013609815,NA,0.481132075471698,106
PstI.TP445406,1,78397054,0.0809071721557902,NA,0.344339622641509,106
PstI.TP1149663,11,8066,0.0809482814308957,NA,0.0141509433962264,106
PstI.TP654004,9,2357362,0.0809849569011803,NA,0.160377358490566,106
PstI.TP982139,4,41445278,0.0809861687605795,NA,0.0660377358490566,106
NsiI.TP351136,2,61077854,0.0810846113669191,NA,0.0377358490566038,106
NsiI.TP762789,11,18505,0.0814386171455056,NA,0.330188679245283,106
PstI.TP248498,10,57422064,0.0818312187481147,NA,0.0188679245283019,106
PstI.TP877451,3,1927412,0.0818813595262322,NA,0.0471698113207547,106
PstI.TP145796,9,40783563,0.0825567532481537,NA,0.122641509433962,106
PstI.TP452173,2,10527282,0.0826252041816813,NA,0.466981132075472,106
PstI.TP1027226,10,5400847,0.0828552434830069,NA,0.25,106
PstI.TP84106,9,11066353,0.0831872295605487,NA,0.0141509433962265,106
PstI.TP1098875,4,67156223,0.083395081082348,NA,0.0566037735849057,106
NsiI.TP756994,3,68130123,0.0835146416624935,NA,0.0801886792452831,106
NsiI.TP194619,6,55228277,0.0835624052965375,NA,0.0141509433962264,106
NsiI.TP345468,1,71931769,0.0838012304471881,NA,0.0471698113207547,106
PstI.TP452364,1,70416615,0.0846153719731304,NA,0.0377358490566038,106
PstI.TP1185018,10,60798067,0.0848007436335652,NA,0.183962264150943,106
PstI.TP47535,11,404,0.0848387405099099,NA,0.0283018867924528,106
PstI.TP574906,11,4137,0.0848735697554657,NA,0.372641509433962,106
PstI.TP998803,9,51615898,0.0852770198618555,NA,0.0660377358490566,106
PstI.TP94813,11,788,0.0853070091888447,NA,0.117924528301887,106
PstI.TP1112974,6,49485124,0.0854763386031258,NA,0.150943396226415,106
PstI.TP13311,11,108,0.085909152777375,NA,0.0518867924528302,106
PstI.TP1134497,1,53143016,0.0860325378388291,NA,0.485849056603774,106
PstI.TP957846,6,60884941,0.0861018249199182,NA,0.0235849056603774,106
PstI.TP584919,1,5663458,0.0861064894318375,NA,0.150943396226415,106
PstI.TP1104438,10,51975768,0.0862636501542971,NA,0.0141509433962265,106
PstI.TP446652,11,3428,0.0865894709417924,NA,0.174528301886792,106
PstI.TP205616,3,67708245,0.0866203820216787,NA,0.0471698113207547,106
PstI.TP413277,3,67281828,0.0870294132690823,NA,0.0283018867924528,106
PstI.TP130255,1,78156903,0.087310201314824,NA,0.443396226415094,106
PstI.TP18693,4,3373673,0.0875437966258592,NA,0.0613207547169811,106
PstI.TP383705,9,46040507,0.0876688874237188,NA,0.0235849056603774,106
NsiI.TP578276,11,16316,0.0877647039344015,NA,0.127358490566038,106
PstI.TP211419,3,12715735,0.087893392682854,NA,0.0188679245283019,106
PstI.TP969142,1,70558586,0.087923662670875,NA,0.169811320754717,106
PstI.TP89282,11,752,0.0880826434939304,NA,0.113207547169811,106
PstI.TP753697,4,2038364,0.0886495363316886,NA,0.367924528301887,106
PstI.TP890801,2,72613106,0.0888544999355191,NA,0.0943396226415094,106
NsiI.TP509771,7,63795912,0.0894681427843873,NA,0.334905660377358,106
PstI.TP805691,4,66925540,0.0896166346637336,NA,0.10377358490566,106
PstI.TP1266699,9,13714262,0.0897474347276206,NA,0.0566037735849057,106
PstI.TP136266,2,64424937,0.0898776293198432,NA,0.0141509433962265,106
NsiI.TP430509,2,74026177,0.0898776293198432,NA,0.0141509433962264,106
NsiI.TP723406,3,59263477,0.0898776293198432,NA,0.0141509433962265,106
PstI.TP365986,6,6142813,0.0898776293198432,NA,0.0141509433962264,106
NsiI.TP473372,10,55734255,0.0898776293198432,NA,0.0141509433962265,106
NsiI.TP258714,11,12034,0.0898776293198432,NA,0.0141509433962264,106
NsiI.TP814519,6,59730617,0.0903721222169499,NA,0.080188679245283,106
PstI.TP177166,11,1456,0.090374220767706,NA,0.132075471698113,106
NsiI.TP575744,1,66841969,0.0904158371076121,NA,0.0330188679245284,106
PstI.TP1161418,11,8153,0.0905053538948212,NA,0.127358490566038,106
PstI.TP1181476,5,2299991,0.0905677561112176,NA,0.235849056603774,106
PstI.TP1094666,3,66462116,0.0906118075454445,NA,0.0283018867924528,106
PstI.TP476170,9,56238781,0.0906568440980645,NA,0.457547169811321,106
NsiI.TP426185,3,6645847,0.090799402357149,NA,0.160377358490566,106
PstI.TP1282088,1,57117988,0.0909661659751731,NA,0.108490566037736,106
PstI.TP827726,6,47573240,0.0911282681522633,NA,0.0377358490566038,106
PstI.TP506408,2,7240618,0.0911874600308017,NA,0.0141509433962265,106
PstI.TP188943,11,1538,0.0912689665663354,NA,0.0566037735849057,106
NsiI.TP629106,8,2183052,0.0914403337448249,NA,0.0990566037735849,106
NsiI.TP262182,7,38847042,0.0919362589637295,NA,0.193396226415094,106
NsiI.TP409401,11,13641,0.0920249934806412,NA,0.0188679245283019,106
PstI.TP757921,1,26848011,0.0920575059892989,NA,0.415094339622642,106
PstI.TP1063373,3,59855371,0.0920940778563043,NA,0.0471698113207547,106
NsiI.TP371724,11,13243,0.0921278892910533,NA,0.089622641509434,106
NsiI.TP523525,11,15592,0.09212943950416,NA,0.0188679245283019,106
PstI.TP886589,2,62498521,0.0923101404331568,NA,0.19811320754717,106
NsiI.TP199138,11,11340,0.0923917445820591,NA,0.0566037735849056,106
PstI.TP704663,4,61217704,0.0930480187340656,NA,0.136792452830189,106
PstI.TP608352,1,63849910,0.0930538025954113,NA,0.174528301886792,106
PstI.TP704666,4,61217735,0.0932392540521106,NA,0.0188679245283019,106
PstI.TP249296,2,57415075,0.0937885810632425,NA,0.141509433962264,106
PstI.TP276796,11,2248,0.0938656499186334,NA,0.141509433962264,106
PstI.TP378778,1,54121051,0.0938705548239626,NA,0.226415094339623,106
PstI.TP358803,1,65256453,0.0946394049256282,NA,0.0377358490566038,106
PstI.TP1216346,7,1189753,0.0946858962071749,NA,0.0707547169811321,106
PstI.TP106875,3,64830008,0.0948640584423524,NA,0.0707547169811321,106
PstI.TP1000965,6,57296544,0.0949277107168091,NA,0.089622641509434,106
PstI.TP898958,3,18783182,0.0951062309205161,NA,0.0188679245283019,106
PstI.TP912712,2,58773993,0.0951107205788761,NA,0.0283018867924528,106
PstI.TP912658,10,41352948,0.0954543061773502,NA,0.0188679245283019,106
PstI.TP644170,5,13189719,0.0955146283481991,NA,0.0235849056603774,106
PstI.TP1066472,2,73495691,0.0955800364183188,NA,0.0849056603773585,106
PstI.TP30317,6,54709438,0.0956155916067953,NA,0.136792452830189,106
PstI.TP31970,4,61637545,0.0965749959989584,NA,0.0330188679245283,106
PstI.TP939692,6,57716221,0.0966769812474937,NA,0.0188679245283019,106
PstI.TP1293746,4,10710177,0.096735583639832,NA,0.150943396226415,106
PstI.TP202889,6,6077060,0.0967645715186974,NA,0.0377358490566038,106
NsiI.TP658897,11,17214,0.0968459012153354,NA,0.325471698113208,106
PstI.TP235061,7,62394616,0.0970017106501896,NA,0.0613207547169811,106
PstI.TP364192,11,2876,0.0971386931192651,NA,0.226415094339623,106
PstI.TP373660,8,62666468,0.097698630658416,NA,0.136792452830189,106
PstI.TP371092,10,781117,0.0983522292091911,NA,0.0471698113207547,106
PstI.TP202060,11,1652,0.0988080586932825,NA,0.141509433962264,106
PstI.TP1187680,1,74780008,0.0991210008618064,NA,0.0188679245283019,106
PstI.TP581762,4,62741281,0.0995025897139086,NA,0.0283018867924528,106
NsiI.TP752278,11,18344,0.0996434173192386,NA,0.132075471698113,106
PstI.TP707030,4,55665489,0.0998060723976254,NA,0.113207547169811,106
PstI.TP682301,2,65662699,0.0999667862106371,NA,0.0235849056603774,106
PstI.TP1157659,6,12195814,0.100558549508356,NA,0.419811320754717,106
NsiI.TP39018,3,69197876,0.100754571012201,NA,0.132075471698113,106
PstI.TP166501,1,18793961,0.100819377968646,NA,0.150943396226415,106
PstI.TP58429,11,488,0.102557798651311,NA,0.179245283018868,106
PstI.TP1118313,8,3139823,0.103307957380156,NA,0.495283018867924,106
PstI.TP393060,11,3059,0.103751444677477,NA,0.221698113207547,106
PstI.TP968463,1,57418406,0.103924126618634,NA,0.0424528301886792,106
PstI.TP149587,10,7615825,0.10402254513993,NA,0.0141509433962264,106
NsiI.TP324219,11,12694,0.104279181231477,NA,0.0943396226415094,106
PstI.TP687743,1,69969234,0.104516212481171,NA,0.132075471698113,106
PstI.TP744116,9,6407222,0.104579485875161,NA,0.0849056603773585,106
PstI.TP324616,4,7865494,0.104603130301413,NA,0.0613207547169811,106
PstI.TP323280,2,20594752,0.104612146481147,NA,0.306603773584906,106
PstI.TP790301,3,55460621,0.104712631335615,NA,0.0471698113207547,106
PstI.TP710432,2,62555401,0.104836858998061,NA,0.0424528301886793,106
PstI.TP974888,11,6764,0.105560030801576,NA,0.160377358490566,106
PstI.TP262688,4,7128828,0.105746276288646,NA,0.0613207547169812,106
PstI.TP41440,3,59899767,0.106090552021083,NA,0.0660377358490566,106
PstI.TP1141531,11,7998,0.106400274020283,NA,0.226415094339623,106
PstI.TP710752,6,48096840,0.106629440461283,NA,0.0566037735849057,106
PstI.TP1075360,3,68128945,0.107170314089162,NA,0.0377358490566038,106
PstI.TP21889,1,3705780,0.107283124135299,NA,0.221698113207547,106
NsiI.TP784196,11,18783,0.10736485528121,NA,0.231132075471698,106
NsiI.TP45219,1,60042018,0.10750429061678,NA,0.0235849056603774,106
PstI.TP807327,11,5594,0.107575020519603,NA,0.0235849056603774,106
PstI.TP990909,8,62111760,0.108111375191472,NA,0.169811320754717,106
PstI.TP160752,11,1322,0.108164771167769,NA,0.316037735849057,106
PstI.TP715121,2,18844611,0.108188750920149,NA,0.0377358490566038,106
PstI.TP934426,3,66383455,0.108986329061695,NA,0.0566037735849056,106
PstI.TP1238303,6,50987036,0.109423405741053,NA,0.136792452830189,106
PstI.TP65271,3,2656013,0.109477006334616,NA,0.14622641509434,106
PstI.TP815225,6,49235314,0.109479474570745,NA,0.0235849056603774,106
PstI.TP1125548,8,9735387,0.109612584323316,NA,0.287735849056604,106
PstI.TP488378,1,7260223,0.109971763254945,NA,0.0188679245283019,106
PstI.TP993272,2,58286678,0.109971763254945,NA,0.481132075471698,106
PstI.TP134129,9,51572610,0.109971763254945,NA,0.0188679245283019,106
PstI.TP585255,2,66036132,0.110592078577358,NA,0.0141509433962264,106
PstI.TP871773,7,59683171,0.110618474428018,NA,0.462264150943396,106
NsiI.TP573649,11,16224,0.110648208462419,NA,0.0283018867924528,106
PstI.TP897370,5,3460663,0.110781338006292,NA,0.0660377358490566,106
PstI.TP470333,6,58970821,0.111675481326769,NA,0.0188679245283019,106
PstI.TP577712,8,6219464,0.1125551126173,NA,0.127358490566038,106
PstI.TP722242,1,6187691,0.11262243539215,NA,0.0188679245283019,106
PstI.TP334931,2,51848838,0.113058667459618,NA,0.136792452830189,106
NsiI.TP422526,1,73137230,0.113219433092015,NA,0.080188679245283,106
PstI.TP1280623,3,7412529,0.113329498587952,NA,0.0566037735849057,106
NsiI.TP499934,1,76362422,0.11338468770769,NA,0.212264150943396,106
PstI.TP458238,9,991884,0.113443061277759,NA,0.155660377358491,106
PstI.TP277254,9,815106,0.113628392384751,NA,0.325471698113208,106
NsiI.TP545512,1,65564544,0.113978338619912,NA,0.155660377358491,106
PstI.TP116867,3,62167764,0.114408302604084,NA,0.0943396226415094,106
PstI.TP624280,8,1089442,0.114528298074616,NA,0.358490566037736,106
PstI.TP1194751,8,919457,0.114964090892525,NA,0.0943396226415094,106
NsiI.TP163805,4,10120148,0.115007698119044,NA,0.0377358490566038,106
NsiI.TP487417,2,22482603,0.115244724069208,NA,0.0660377358490566,106
PstI.TP27966,11,215,0.115281915645756,NA,0.30188679245283,106
PstI.TP534942,3,4552949,0.115451645893273,NA,0.0660377358490566,106
PstI.TP747216,6,57493875,0.115644142227977,NA,0.0141509433962264,106
PstI.TP250224,1,69664479,0.115665255738514,NA,0.0235849056603774,106
PstI.TP1250993,4,666401,0.11571976094049,NA,0.283018867924528,106
PstI.TP157003,11,1290,0.116256555222399,NA,0.334905660377358,106
NsiI.TP454231,1,75616421,0.11631780640414,NA,0.117924528301887,106
PstI.TP838455,2,64681502,0.116351830879068,NA,0.457547169811321,106
PstI.TP203554,10,2133696,0.116753751863978,NA,0.0801886792452831,106
NsiI.TP795133,5,10655601,0.116898527108662,NA,0.0471698113207547,106
PstI.TP39227,4,42910747,0.116902998646823,NA,0.0330188679245283,106
PstI.TP350243,9,45321870,0.117084280657771,NA,0.264150943396226,106
PstI.TP198433,6,56321576,0.117174738139521,NA,0.141509433962264,106
NsiI.TP726942,11,18063,0.117721163158901,NA,0.367924528301887,106
NsiI.TP671324,4,2161341,0.118660088412829,NA,0.0141509433962264,106
PstI.TP694469,2,61192392,0.118681968484827,NA,0.287735849056604,106
NsiI.TP416267,4,61378609,0.119263389116399,NA,0.0188679245283019,106
PstI.TP782285,11,5400,0.119344128072807,NA,0.0801886792452831,106
PstI.TP1136919,6,6739369,0.119727841151075,NA,0.0613207547169812,106
PstI.TP822493,7,8114551,0.119740208471145,NA,0.089622641509434,106
NsiI.TP338590,4,52709492,0.119886008135508,NA,0.226415094339623,106
PstI.TP976293,2,66188757,0.120172216762301,NA,0.0707547169811321,106
PstI.TP143333,4,44467739,0.120497554154552,NA,0.0707547169811321,106
NsiI.TP551839,11,15945,0.120675577222511,NA,0.320754716981132,106
PstI.TP706276,6,52495459,0.120770476632844,NA,0.0141509433962264,106
NsiI.TP5872,11,9197,0.12188894681737,NA,0.0141509433962264,106
PstI.TP124910,4,63868777,0.12200631215242,NA,0.0518867924528302,106
PstI.TP1072616,1,78788131,0.122111638361746,NA,0.0424528301886792,106
PstI.TP157588,2,329470,0.122306639766082,NA,0.0188679245283019,106
PstI.TP1071411,6,46252009,0.122539014387218,NA,0.0188679245283019,106
PstI.TP540206,3,66293725,0.12255176901343,NA,0.0141509433962264,106
PstI.TP1045605,6,49825862,0.122790837130707,NA,0.30188679245283,106
NsiI.TP333723,2,74239929,0.122938488438669,NA,0.0188679245283019,106
PstI.TP525928,11,3925,0.122991234930167,NA,0.0188679245283019,106
PstI.TP782314,5,57125958,0.123085485533253,NA,0.0283018867924528,106
PstI.TP967613,3,4724304,0.123622077636245,NA,0.0849056603773585,106
NsiI.TP570294,11,16176,0.12374605797754,NA,0.0754716981132075,106
PstI.TP506588,1,80675,0.123998514965988,NA,0.0141509433962264,106
PstI.TP1185674,1,60148122,0.124690665300414,NA,0.0471698113207547,106
PstI.TP1212476,1,73145262,0.124788706573179,NA,0.0660377358490566,106
PstI.TP778226,4,7580398,0.124798975295592,NA,0.080188679245283,106
PstI.TP1056336,6,60888540,0.124984325539477,NA,0.0849056603773585,106
NsiI.TP502976,3,7719502,0.125045243986914,NA,0.0377358490566038,106
NsiI.TP622507,11,16837,0.125662498533381,NA,0.0660377358490566,106
PstI.TP478050,3,63462498,0.125685539728593,NA,0.0283018867924528,106
PstI.TP1089362,11,7604,0.12587463300515,NA,0.132075471698113,106
PstI.TP786113,6,60914620,0.125934545076776,NA,0.44811320754717,106
PstI.TP139651,2,69224467,0.126235344921814,NA,0.089622641509434,106
PstI.TP277120,2,66298305,0.126310893127774,NA,0.0283018867924528,106
PstI.TP703969,1,80877289,0.126502132521213,NA,0.122641509433962,106
PstI.TP12746,6,47840509,0.126514188996985,NA,0.10377358490566,106
PstI.TP796422,3,65263672,0.126716455202694,NA,0.0141509433962265,106
PstI.TP973605,1,7933170,0.126730227353503,NA,0.0754716981132075,106
PstI.TP377200,1,56910407,0.126772621682352,NA,0.283018867924528,106
NsiI.TP435608,8,59829349,0.127091482344577,NA,0.471698113207547,106
PstI.TP976712,8,6325153,0.127129871312517,NA,0.14622641509434,106
PstI.TP623942,3,65310848,0.127141497888023,NA,0.0235849056603774,106
PstI.TP646044,9,89652,0.127319069386559,NA,0.117924528301887,106
PstI.TP318872,4,54744673,0.12785713292943,NA,0.44811320754717,106
PstI.TP8376,4,59384691,0.128177509660157,NA,0.19811320754717,106
PstI.TP157488,3,14637148,0.12839331079671,NA,0.0235849056603774,106
NsiI.TP224547,8,49124442,0.128518167450911,NA,0.10377358490566,106
PstI.TP1000608,7,57426510,0.128696064159074,NA,0.0377358490566038,106
PstI.TP69823,1,70805200,0.128747429677703,NA,0.259433962264151,106
NsiI.TP114895,3,2441296,0.128768142111904,NA,0.0707547169811321,106
NsiI.TP690791,4,16551464,0.129119205739374,NA,0.0377358490566038,106
NsiI.TP273737,1,8121676,0.129145709866795,NA,0.0188679245283019,106
PstI.TP886436,11,6196,0.129177889981535,NA,0.0754716981132075,106
PstI.TP1143724,11,8012,0.129267870588224,NA,0.0707547169811321,106
PstI.TP1124649,11,7892,0.129307093424335,NA,0.089622641509434,106
PstI.TP608698,11,4299,0.129378896074336,NA,0.0188679245283019,106
NsiI.TP501040,11,15248,0.129652057397317,NA,0.0518867924528302,106
PstI.TP181697,8,2683686,0.129902568511965,NA,0.0141509433962264,106
PstI.TP661482,4,64403950,0.130027638252272,NA,0.0188679245283019,106
PstI.TP494967,11,3749,0.130380151547433,NA,0.089622641509434,106
NsiI.TP832364,1,76203935,0.13038414583521,NA,0.0990566037735849,106
PstI.TP1213036,3,59319881,0.130595164019834,NA,0.0235849056603774,106
PstI.TP351433,11,2768,0.130817804065667,NA,0.0613207547169811,106
PstI.TP1158409,1,72860093,0.13110806786332,NA,0.0377358490566038,106
PstI.TP787540,11,5445,0.13114259651112,NA,0.117924528301887,106
NsiI.TP624683,1,68159137,0.131330482457127,NA,0.0518867924528302,106
PstI.TP929366,11,6505,0.131518276880031,NA,0.235849056603774,106
PstI.TP1122752,2,56295956,0.131605331617867,NA,0.221698113207547,106
PstI.TP329239,11,2605,0.131621693175875,NA,0.0141509433962264,106
PstI.TP582861,3,66513476,0.131740749405156,NA,0.0613207547169812,106
NsiI.TP87403,11,10095,0.131798947000542,NA,0.0566037735849056,106
PstI.TP1068306,7,38997173,0.132738790801985,NA,0.0801886792452831,106
PstI.TP1040729,4,54844080,0.132801170565959,NA,0.216981132075472,106
PstI.TP1131586,6,52294517,0.132873285509938,NA,0.207547169811321,106
PstI.TP270063,1,17132801,0.132949347175837,NA,0.0377358490566038,106
PstI.TP666274,11,4641,0.133405626895254,NA,0.240566037735849,106
PstI.TP390724,1,9756005,0.133663629564527,NA,0.0990566037735849,106
NsiI.TP775329,5,9234788,0.133833843953023,NA,0.0377358490566038,106
PstI.TP1206060,2,69316419,0.133993367607512,NA,0.44811320754717,106
PstI.TP1210085,4,5549411,0.134150351073539,NA,0.0235849056603774,106
PstI.TP898259,1,79442910,0.134350988384352,NA,0.330188679245283,106
PstI.TP304860,1,74969305,0.134673382071316,NA,0.0235849056603774,106
PstI.TP1001032,4,6463834,0.135123009284847,NA,0.235849056603774,106
PstI.TP394317,11,3076,0.135339888087485,NA,0.0330188679245284,106
PstI.TP537688,2,67833294,0.135464673850557,NA,0.0283018867924528,106
PstI.TP907836,3,63143644,0.135662458981864,NA,0.0943396226415094,106
NsiI.TP590588,4,7187181,0.135713113357845,NA,0.0471698113207547,106
PstI.TP418863,6,59970341,0.136055572746776,NA,0.089622641509434,106
PstI.TP977916,2,67063264,0.136319495921573,NA,0.0235849056603774,106
NsiI.TP340134,7,63082166,0.136557930677177,NA,0.0235849056603774,106
PstI.TP929497,2,60716322,0.136631223963726,NA,0.117924528301887,106
PstI.TP298201,6,1375822,0.136899035270782,NA,0.0943396226415094,106
PstI.TP89007,11,746,0.137020645388717,NA,0.0660377358490566,106
NsiI.TP433717,11,14120,0.13760265866727,NA,0.0330188679245283,106
PstI.TP583995,10,3085156,0.137649270280658,NA,0.0283018867924528,106
PstI.TP1184603,3,2835614,0.137785274464852,NA,0.19811320754717,106
PstI.TP549798,2,23212519,0.138034854257544,NA,0.235849056603774,106
PstI.TP131738,11,1106,0.138345826247944,NA,0.0566037735849056,106
PstI.TP610743,11,4310,0.138356399798239,NA,0.0283018867924528,106
PstI.TP335793,6,8209847,0.138411537171907,NA,0.141509433962264,106
PstI.TP852665,11,5922,0.138441400865818,NA,0.0377358490566038,106
PstI.TP163375,2,71379619,0.138658905628192,NA,0.0377358490566038,106
PstI.TP710730,2,65757843,0.138946508060977,NA,0.0377358490566038,106
PstI.TP116028,1,62738111,0.139224288745705,NA,0.0424528301886792,106
PstI.TP836173,11,5793,0.139444580607002,NA,0.165094339622642,106
PstI.TP1132926,5,65112789,0.139679165470678,NA,0.0283018867924528,106
NsiI.TP766407,4,7198620,0.139783170696352,NA,0.0283018867924528,106
PstI.TP104967,11,865,0.139970171035688,NA,0.0707547169811321,106
PstI.TP675802,11,4696,0.140075288643412,NA,0.0330188679245284,106
PstI.TP174297,3,5563037,0.140777114259238,NA,0.0707547169811321,106
PstI.TP585913,8,55579533,0.140834220574789,NA,0.165094339622642,106
PstI.TP997632,9,10600783,0.140971018808655,NA,0.141509433962264,106
NsiI.TP731560,1,19407596,0.141649935649878,NA,0.0141509433962265,106
NsiI.TP328854,3,71291896,0.141810999198172,NA,0.0141509433962265,106
PstI.TP96410,3,4423816,0.142142852539524,NA,0.174528301886792,106
PstI.TP230539,6,60169420,0.142309086206681,NA,0.311320754716981,106
PstI.TP234444,7,63993635,0.142422542791495,NA,0.485849056603774,106
PstI.TP754297,9,52383960,0.142630109448475,NA,0.490566037735849,106
PstI.TP1010512,1,79440784,0.142831399838735,NA,0.0141509433962265,106
PstI.TP1134151,11,7953,0.143134991289944,NA,0.0990566037735849,106
PstI.TP226270,6,52350990,0.143549565640118,NA,0.0141509433962264,106
NsiI.TP559985,2,38838033,0.143654843068664,NA,0.0235849056603774,106
PstI.TP570804,4,4364673,0.143686441788025,NA,0.35377358490566,106
PstI.TP1087177,3,52153001,0.143886705873239,NA,0.0188679245283019,106
PstI.TP209435,11,1713,0.143914594214972,NA,0.165094339622642,106
PstI.TP413677,11,3201,0.144835145484769,NA,0.0990566037735849,106
PstI.TP929514,6,55096318,0.145042084474365,NA,0.30188679245283,106
NsiI.TP530128,11,15685,0.145636739131407,NA,0.141509433962264,106
PstI.TP224318,3,56022652,0.145677042668493,NA,0.0424528301886792,106
PstI.TP401701,11,3122,0.145697328653678,NA,0.25,106
PstI.TP694310,10,57658733,0.145908865524455,NA,0.080188679245283,106
PstI.TP1094077,9,47740265,0.145910456347057,NA,0.0424528301886792,106
PstI.TP780884,7,54360893,0.145985215250621,NA,0.080188679245283,106
PstI.TP585251,2,66036168,0.146817874931622,NA,0.0188679245283019,106
PstI.TP1036827,3,58816748,0.147089285866747,NA,0.235849056603774,106
PstI.TP794410,11,5494,0.147217502432926,NA,0.0566037735849057,106
PstI.TP166481,3,1960833,0.147512172325176,NA,0.0518867924528302,106
PstI.TP1270259,3,73055182,0.147526420373869,NA,0.165094339622642,106
PstI.TP170196,11,1398,0.147669253152041,NA,0.344339622641509,106
NsiI.TP618002,11,16754,0.147896622749933,NA,0.0471698113207547,106
PstI.TP109054,11,901,0.147918235672166,NA,0.0754716981132075,106
PstI.TP470828,11,3576,0.148202362509471,NA,0.122641509433962,106
NsiI.TP115192,7,58481149,0.148393506452997,NA,0.0990566037735849,106
PstI.TP744473,3,61669976,0.148708933717183,NA,0.089622641509434,106
PstI.TP1017687,7,58691088,0.148872799390275,NA,0.14622641509434,106
PstI.TP648083,11,4571,0.148950305424803,NA,0.10377358490566,106
PstI.TP773027,3,16863797,0.149095043918276,NA,0.306603773584906,106
NsiI.TP12272,11,9260,0.149098048081964,NA,0.424528301886792,106
PstI.TP718962,4,252030,0.149173939037776,NA,0.0660377358490566,106
PstI.TP915405,11,6395,0.14919282936581,NA,0.0613207547169812,106
PstI.TP1004248,3,73886346,0.149338976888165,NA,0.080188679245283,106
NsiI.TP236846,9,5564156,0.149963384348152,NA,0.306603773584906,106
PstI.TP574132,1,19943823,0.150058300249031,NA,0.0471698113207547,106
PstI.TP744800,6,49370163,0.151087832747969,NA,0.0471698113207547,106
NsiI.TP134750,1,9511955,0.151593846604641,NA,0.0377358490566038,106
PstI.TP1133476,10,53345019,0.151595404971287,NA,0.0330188679245283,106
PstI.TP596502,7,58014009,0.151743067834837,NA,0.14622641509434,106
PstI.TP329515,1,1537490,0.151896566079317,NA,0.264150943396226,106
PstI.TP124945,5,41255313,0.152120817673684,NA,0.127358490566038,106
PstI.TP182392,10,1843527,0.152198088194488,NA,0.0424528301886792,106
PstI.TP820611,1,4393513,0.152316013146371,NA,0.0283018867924528,106
NsiI.TP454840,7,56498572,0.15231996056365,NA,0.0235849056603774,106
PstI.TP29613,3,56968925,0.152354650125736,NA,0.169811320754717,106
PstI.TP302384,6,53169269,0.152780418926515,NA,0.0424528301886792,106
PstI.TP538688,9,57046696,0.153519146038731,NA,0.0471698113207547,106
NsiI.TP3581,5,68467677,0.15390934916431,NA,0.0235849056603774,106
PstI.TP677745,1,5751851,0.153913980570633,NA,0.221698113207547,106
PstI.TP366392,11,2894,0.154216999074435,NA,0.268867924528302,106
NsiI.TP753932,11,18375,0.154225544120031,NA,0.0235849056603774,106
PstI.TP366456,11,2895,0.154796379826191,NA,0.0660377358490566,106
NsiI.TP432863,4,67320729,0.155031047060515,NA,0.0943396226415094,106
NsiI.TP102717,2,738120,0.155067341433485,NA,0.0188679245283019,106
PstI.TP206335,11,1688,0.155077542216338,NA,0.108490566037736,106
PstI.TP541875,2,55037307,0.155157560549767,NA,0.443396226415094,106
PstI.TP220787,10,1055307,0.155375865535819,NA,0.0330188679245284,106
PstI.TP63668,11,530,0.155467121506124,NA,0.165094339622642,106
PstI.TP1263313,10,44292608,0.155574638174502,NA,0.424528301886792,106
PstI.TP538261,11,4009,0.156192770431486,NA,0.0471698113207547,106
NsiI.TP587515,11,16424,0.156278400276632,NA,0.155660377358491,106
PstI.TP901855,6,42551665,0.156559628425732,NA,0.0518867924528302,106
PstI.TP1229865,11,8666,0.156613907165864,NA,0.122641509433962,106
PstI.TP887701,4,62264852,0.156923932381656,NA,0.0235849056603774,106
NsiI.TP470421,3,50564096,0.156933008960643,NA,0.400943396226415,106
NsiI.TP404945,11,13572,0.157339935349281,NA,0.0566037735849056,106
NsiI.TP195995,2,68227771,0.157425176872021,NA,0.386792452830189,106
PstI.TP384871,9,47612549,0.157426489196429,NA,0.0424528301886793,106
PstI.TP534174,8,57069014,0.15753720350551,NA,0.080188679245283,106
NsiI.TP159022,9,54432220,0.157723563527158,NA,0.0518867924528302,106
PstI.TP545419,3,2528853,0.158006444782715,NA,0.363207547169811,106
NsiI.TP441114,1,71250822,0.158262824322016,NA,0.155660377358491,106
PstI.TP1216566,1,79599777,0.158473148519398,NA,0.0613207547169811,106
PstI.TP1101676,9,55031033,0.158482542495423,NA,0.372641509433962,106
PstI.TP757375,1,3471897,0.158489175231909,NA,0.0330188679245283,106
PstI.TP896950,11,6252,0.158579094251769,NA,0.212264150943396,106
PstI.TP747261,1,76107837,0.158627699397829,NA,0.0141509433962264,106
PstI.TP1198766,6,60436257,0.158752896878165,NA,0.0424528301886793,106
NsiI.TP521277,1,77064058,0.159016536530941,NA,0.0566037735849056,106
PstI.TP727385,10,53174224,0.159309246181698,NA,0.0471698113207547,106
PstI.TP317521,4,66042591,0.159406292091561,NA,0.155660377358491,106
NsiI.TP820289,8,57687842,0.159497903532813,NA,0.367924528301887,106
PstI.TP1077538,11,7514,0.15989472675446,NA,0.174528301886792,106
NsiI.TP580323,3,18001535,0.160290958513341,NA,0.0990566037735849,106
PstI.TP82716,1,72737215,0.160474952786843,NA,0.311320754716981,106
PstI.TP661203,4,57100807,0.160481537281832,NA,0.316037735849057,106
NsiI.TP487732,3,66464681,0.160662943313942,NA,0.0330188679245283,106
PstI.TP831823,10,52577215,0.160908096242727,NA,0.0943396226415094,106
PstI.TP25085,11,193,0.161017247911474,NA,0.268867924528302,106
PstI.TP744920,11,5140,0.161045930683027,NA,0.0141509433962264,106
PstI.TP424788,1,263370,0.161248364177224,NA,0.0235849056603774,106
PstI.TP41777,9,2504371,0.161449067802036,NA,0.0141509433962265,106
PstI.TP716056,7,12018520,0.161634218292097,NA,0.174528301886792,106
PstI.TP273678,3,12316343,0.161649802133627,NA,0.0660377358490566,106
NsiI.TP344858,4,62266493,0.161912423015264,NA,0.25,106
NsiI.TP468762,1,4620729,0.162273948916402,NA,0.089622641509434,106
PstI.TP778881,9,48260943,0.162546917964949,NA,0.0707547169811321,106
PstI.TP1014704,4,68495682,0.162668334329805,NA,0.25,106
PstI.TP996918,11,6924,0.162838405469381,NA,0.0707547169811321,106
PstI.TP1227925,6,50604731,0.163171520890528,NA,0.150943396226415,106
NsiI.TP580166,3,66912231,0.163282593259676,NA,0.0377358490566038,106
PstI.TP791036,11,5476,0.16394614357344,NA,0.0990566037735849,106
PstI.TP120247,9,6373532,0.164069932953122,NA,0.0283018867924528,106
PstI.TP963977,2,68012933,0.164437858511939,NA,0.0566037735849057,106
NsiI.TP664565,1,10300447,0.164507539130452,NA,0.117924528301887,106
PstI.TP1125574,8,50631722,0.164817204542075,NA,0.0471698113207547,106
PstI.TP845124,2,51289268,0.164848232903476,NA,0.0330188679245284,106
NsiI.TP525011,10,450727,0.165067649250799,NA,0.089622641509434,106
PstI.TP199591,2,465963,0.165069243274379,NA,0.0377358490566038,106
PstI.TP192390,2,61333913,0.165239652856644,NA,0.0235849056603774,106
PstI.TP818100,11,5662,0.165256429429652,NA,0.316037735849057,106
PstI.TP1270439,3,15756535,0.165273017030366,NA,0.0518867924528302,106
NsiI.TP450715,9,54698454,0.165384333524589,NA,0.0849056603773585,106
PstI.TP855559,11,5958,0.165686230598571,NA,0.273584905660377,106
NsiI.TP35373,1,75917930,0.166035251613236,NA,0.0471698113207547,106
NsiI.TP10565,11,9242,0.166082101861677,NA,0.0188679245283019,106
PstI.TP1069523,5,55621669,0.166458241756492,NA,0.0283018867924528,106
PstI.TP1022732,7,59785708,0.166717273048348,NA,0.0141509433962265,106
PstI.TP881184,2,76620224,0.166935651980769,NA,0.10377358490566,106
PstI.TP479153,6,59457053,0.167009946647968,NA,0.0424528301886792,106
PstI.TP428592,9,59017930,0.167111793067619,NA,0.0141509433962264,106
PstI.TP310237,6,47646564,0.167294735615242,NA,0.400943396226415,106
PstI.TP205765,8,46363312,0.16737756347555,NA,0.0613207547169811,106
PstI.TP357318,6,48450955,0.167465242756568,NA,0.0424528301886792,106
PstI.TP843008,1,77620090,0.167791564257663,NA,0.174528301886792,106
PstI.TP90936,11,768,0.167836627292805,NA,0.0566037735849056,106
PstI.TP669887,10,582343,0.167860444201977,NA,0.0283018867924528,106
PstI.TP808266,7,57918873,0.167899275568953,NA,0.127358490566038,106
PstI.TP1025367,11,7121,0.168136758641546,NA,0.443396226415094,106
PstI.TP629254,1,4276045,0.168206329340424,NA,0.0283018867924528,106
PstI.TP468410,11,3560,0.168359671270002,NA,0.0518867924528302,106
PstI.TP426455,1,8609159,0.168618856288456,NA,0.127358490566038,106
PstI.TP262001,6,54443824,0.168754109638445,NA,0.278301886792453,106
PstI.TP710226,11,4924,0.169156499757051,NA,0.330188679245283,106
PstI.TP769654,11,5311,0.169347049012773,NA,0.0707547169811321,106
NsiI.TP231999,11,11729,0.169375511185465,NA,0.0518867924528302,106
PstI.TP541885,10,57947224,0.169606747127435,NA,0.0471698113207547,106
NsiI.TP407405,6,51544211,0.170107595641584,NA,0.0518867924528302,106
PstI.TP933353,3,24835175,0.170260456048399,NA,0.0283018867924528,106
PstI.TP897409,6,56637189,0.170282182929942,NA,0.0188679245283019,106
NsiI.TP706204,11,17820,0.170993226407516,NA,0.0518867924528302,106
PstI.TP537490,6,60875735,0.171262815192662,NA,0.0235849056603774,106
PstI.TP242731,3,28459042,0.171415056550001,NA,0.0849056603773585,106
PstI.TP694211,6,54345892,0.171609953333528,NA,0.10377358490566,106
PstI.TP900003,3,53586609,0.172027372149596,NA,0.226415094339623,106
PstI.TP886053,11,6191,0.172416910908538,NA,0.0235849056603774,106
PstI.TP636397,2,65617813,0.172510514234917,NA,0.136792452830189,106
PstI.TP940228,4,67759601,0.172808325166147,NA,0.0613207547169811,106
PstI.TP380288,2,25348641,0.173184465363562,NA,0.165094339622642,106
NsiI.TP51580,10,8685676,0.173187402136735,NA,0.0424528301886793,106
PstI.TP701364,4,66677817,0.173358468522261,NA,0.0283018867924528,106
PstI.TP856852,1,1153760,0.17354689250907,NA,0.179245283018868,106
PstI.TP1147564,7,6633613,0.173680126220401,NA,0.0660377358490566,106
NsiI.TP735814,3,634224,0.174214207723153,NA,0.0518867924528302,106
PstI.TP282617,3,67991463,0.174640155720652,NA,0.141509433962264,106
PstI.TP586000,11,4203,0.175111258322128,NA,0.0849056603773585,106
PstI.TP1109485,10,54131399,0.17511529495567,NA,0.183962264150943,106
PstI.TP821356,1,10005335,0.17548290301417,NA,0.0471698113207547,106
PstI.TP409904,11,3170,0.175629694155361,NA,0.358490566037736,106
PstI.TP783653,2,74160306,0.175836759997458,NA,0.0235849056603774,106
PstI.TP126255,6,50898138,0.175920141245421,NA,0.235849056603774,106
PstI.TP863331,1,161269,0.176219485782772,NA,0.0707547169811321,106
NsiI.TP51794,10,2493746,0.17646899729718,NA,0.0471698113207547,106
PstI.TP700714,2,22951859,0.176647928320338,NA,0.188679245283019,106
PstI.TP283482,4,53765906,0.176693953471978,NA,0.19811320754717,106
NsiI.TP666080,1,2031570,0.176734113592986,NA,0.0801886792452831,106
PstI.TP1186531,5,1575450,0.176754574441252,NA,0.0566037735849057,106
PstI.TP952007,6,56158074,0.177442943292631,NA,0.0943396226415094,106
PstI.TP770946,7,63612212,0.178010093362298,NA,0.0188679245283019,106
PstI.TP991301,9,53203869,0.178177893565163,NA,0.0660377358490566,106
PstI.TP114415,10,6298864,0.178750737948633,NA,0.349056603773585,106
NsiI.TP519733,4,421752,0.178795263250194,NA,0.0754716981132075,106
PstI.TP1200707,4,58878410,0.17889273736643,NA,0.0613207547169812,106
NsiI.TP661879,3,73421724,0.179106874927153,NA,0.462264150943396,106
PstI.TP428451,6,48787560,0.179128726832884,NA,0.0518867924528302,106
PstI.TP343925,9,42951872,0.179366884935806,NA,0.0235849056603774,106
NsiI.TP456659,11,14551,0.179977080493876,NA,0.0518867924528302,106
PstI.TP1074331,1,21885836,0.180315314296907,NA,0.150943396226415,106
PstI.TP1183728,1,69834022,0.180607216292483,NA,0.174528301886792,106
PstI.TP243246,11,1985,0.180826013853,NA,0.0613207547169812,106
NsiI.TP222447,6,49698622,0.180912530617606,NA,0.0990566037735849,106
PstI.TP1076395,6,59888575,0.181051544633449,NA,0.155660377358491,106
NsiI.TP454955,1,79688846,0.181058643577393,NA,0.0613207547169812,106
PstI.TP144997,6,43235947,0.181262733980373,NA,0.0141509433962265,106
PstI.TP991040,8,1163254,0.181275437416559,NA,0.0801886792452831,106
NsiI.TP148773,1,285352,0.181986011940713,NA,0.136792452830189,106
NsiI.TP726681,3,62054481,0.182486205761936,NA,0.0566037735849057,106
PstI.TP117569,4,64900260,0.183023387671502,NA,0.0660377358490566,106
PstI.TP307588,1,4762662,0.18328701249238,NA,0.0707547169811321,106
PstI.TP512560,6,3895073,0.183590183880841,NA,0.0990566037735849,106
PstI.TP1000873,7,57426488,0.18362548359235,NA,0.0518867924528302,106
PstI.TP743713,6,53247540,0.183683994164859,NA,0.0235849056603774,106
PstI.TP130960,2,46747557,0.183687961369603,NA,0.0188679245283019,106
PstI.TP816739,1,64060896,0.1836881504085,NA,0.132075471698113,106
PstI.TP533617,3,54614431,0.183726373602615,NA,0.264150943396226,106
PstI.TP957163,9,44644697,0.183783599145186,NA,0.0849056603773585,106
NsiI.TP340695,1,70223476,0.18395772644855,NA,0.108490566037736,106
PstI.TP259004,11,2110,0.184319878932719,NA,0.0471698113207547,106
PstI.TP846457,4,63756305,0.184397288240773,NA,0.155660377358491,106
NsiI.TP375876,3,45274559,0.18467334319096,NA,0.0235849056603774,106
PstI.TP927018,4,65225492,0.184720430967323,NA,0.0141509433962265,106
PstI.TP357347,6,53284826,0.185081087909259,NA,0.160377358490566,106
PstI.TP927424,1,73127829,0.185287227074573,NA,0.0235849056603774,106
NsiI.TP690036,1,12138480,0.18539458925339,NA,0.0424528301886793,106
NsiI.TP10802,3,66346443,0.185741544619316,NA,0.0141509433962265,106
PstI.TP548667,1,53141843,0.185847835535433,NA,0.0141509433962265,106
PstI.TP397160,7,58561163,0.185869065310873,NA,0.306603773584906,106
NsiI.TP449421,11,14439,0.18681851887403,NA,0.0188679245283019,106
PstI.TP43749,4,64417921,0.186853036819194,NA,0.0141509433962265,106
PstI.TP1173442,11,8253,0.186853654884821,NA,0.080188679245283,106
PstI.TP254470,3,72123437,0.186864505390873,NA,0.0141509433962265,106
PstI.TP89289,3,14045560,0.187303819750992,NA,0.10377358490566,106
PstI.TP652837,1,78182401,0.187334325152897,NA,0.358490566037736,106
PstI.TP999288,11,6941,0.187491998023284,NA,0.0424528301886793,106
PstI.TP929783,1,68577350,0.187572995591644,NA,0.117924528301887,106
PstI.TP1144152,2,61957721,0.187964329318194,NA,0.292452830188679,106
PstI.TP394955,11,3081,0.188481270899318,NA,0.0235849056603774,106
PstI.TP349556,9,56207028,0.189239369112418,NA,0.0707547169811321,106
NsiI.TP102287,9,41271971,0.189257645510872,NA,0.0566037735849057,106
PstI.TP459190,10,53216840,0.189312697027857,NA,0.438679245283019,106
NsiI.TP323224,1,74770262,0.189535649146298,NA,0.0471698113207547,106
PstI.TP708580,11,4914,0.190103318243752,NA,0.0188679245283019,106
PstI.TP983468,6,52676712,0.19019225110807,NA,0.122641509433962,106
PstI.TP1209642,2,7903969,0.190331430491492,NA,0.231132075471698,106
PstI.TP865412,3,66830234,0.190678100315696,NA,0.0141509433962265,106
PstI.TP899075,3,68837126,0.190910342706331,NA,0.0377358490566038,106
PstI.TP924658,1,65264909,0.191391685887563,NA,0.183962264150943,106
PstI.TP802577,1,74132587,0.191560895097715,NA,0.0283018867924528,106
PstI.TP853014,3,11408141,0.191627551530986,NA,0.0990566037735849,106
PstI.TP91666,9,57446168,0.191679165906626,NA,0.0707547169811321,106
PstI.TP839519,11,5813,0.191688644862315,NA,0.0518867924528302,106
PstI.TP114435,6,51935989,0.191906591982036,NA,0.415094339622642,106
PstI.TP550469,2,70228783,0.192198208463216,NA,0.0188679245283019,106
PstI.TP506126,11,3824,0.192587817170141,NA,0.462264150943396,106
PstI.TP954037,7,61167285,0.192885413396689,NA,0.0613207547169811,106
PstI.TP876546,9,44646384,0.194162109252834,NA,0.0943396226415094,106
NsiI.TP232571,4,62107475,0.194444840922304,NA,0.0566037735849057,106
NsiI.TP415908,3,54738061,0.194549422651701,NA,0.188679245283019,106
PstI.TP306248,4,62016244,0.19461620467622,NA,0.212264150943396,106
PstI.TP105778,11,876,0.19462852746952,NA,0.0330188679245284,106
PstI.TP19921,11,159,0.19481796678285,NA,0.221698113207547,106
PstI.TP139749,2,13559614,0.194896758961642,NA,0.283018867924528,106
PstI.TP1173447,1,7571007,0.195114735684657,NA,0.113207547169811,106
PstI.TP66009,1,3078783,0.195326428198393,NA,0.0141509433962265,106
PstI.TP396501,3,62733946,0.19557195340048,NA,0.080188679245283,106
PstI.TP824282,8,58573215,0.195593365351221,NA,0.0377358490566038,106
PstI.TP912729,11,6374,0.196445997280592,NA,0.0283018867924528,106
PstI.TP532395,1,80511189,0.197458014414832,NA,0.117924528301887,106
NsiI.TP198676,2,75069959,0.197630330591982,NA,0.457547169811321,106
PstI.TP844534,4,10905321,0.197727009985307,NA,0.0283018867924528,106
PstI.TP1231136,3,52841481,0.19793811427037,NA,0.0943396226415094,106
PstI.TP74252,3,4598161,0.198178682971569,NA,0.0566037735849057,106
PstI.TP515294,7,61776176,0.198233111497012,NA,0.292452830188679,106
NsiI.TP540658,6,53721369,0.198295907476687,NA,0.0377358490566038,106
PstI.TP948276,7,8285239,0.198329307833922,NA,0.0424528301886793,106
PstI.TP157241,10,59711903,0.198381265479722,NA,0.0377358490566038,106
PstI.TP774948,9,243415,0.198635081563392,NA,0.080188679245283,106
PstI.TP533375,11,3989,0.198693763393912,NA,0.0754716981132075,106
PstI.TP211963,2,1768552,0.198849472440981,NA,0.0141509433962264,106
PstI.TP1177969,1,69551175,0.198871056615357,NA,0.0188679245283019,106
PstI.TP1062021,9,59189842,0.199264057391282,NA,0.089622641509434,106
PstI.TP425356,1,569039,0.199458501978319,NA,0.0566037735849057,106
PstI.TP18321,3,8476005,0.199588074241125,NA,0.235849056603774,106
PstI.TP712192,5,71599707,0.199992837482213,NA,0.0330188679245283,106
PstI.TP377610,1,9851445,0.200179130838294,NA,0.0754716981132075,106
NsiI.TP489836,1,57849492,0.200519021766398,NA,0.320754716981132,106
NsiI.TP362299,11,13124,0.201078971102712,NA,0.0377358490566038,106
PstI.TP1017493,9,52843173,0.201216876813602,NA,0.0283018867924528,106
PstI.TP391279,2,70925840,0.201496811816247,NA,0.122641509433962,106
PstI.TP415787,11,3222,0.201545843716248,NA,0.235849056603774,106
NsiI.TP44825,1,70914156,0.201554605134798,NA,0.122641509433962,106
PstI.TP1123380,3,3557266,0.201833060224295,NA,0.5,106
PstI.TP408924,11,3165,0.201969396455938,NA,0.108490566037736,106
PstI.TP622738,11,4375,0.202087327496596,NA,0.0141509433962265,106
PstI.TP374544,3,63699323,0.202186461852988,NA,0.0141509433962265,106
PstI.TP780069,7,60189505,0.202214043121948,NA,0.0330188679245284,106
PstI.TP539951,4,3227883,0.204204648811997,NA,0.155660377358491,106
PstI.TP866736,9,15103421,0.204305763352849,NA,0.0613207547169812,106
PstI.TP917569,9,40688795,0.204561426854077,NA,0.320754716981132,106
PstI.TP908813,3,71853833,0.204802111242839,NA,0.0566037735849057,106
PstI.TP636509,10,765968,0.204853036821308,NA,0.0660377358490566,106
PstI.TP967109,3,4646186,0.205220146475634,NA,0.0707547169811321,106
NsiI.TP494600,5,2639770,0.205256293390799,NA,0.122641509433962,106
NsiI.TP722362,8,2701955,0.205664598855746,NA,0.235849056603774,106
PstI.TP1149784,4,2961156,0.205847165200343,NA,0.0141509433962264,106
NsiI.TP307930,11,12498,0.205913597012312,NA,0.117924528301887,106
PstI.TP496256,11,3762,0.206853563818623,NA,0.0188679245283019,106
PstI.TP952805,11,6650,0.20696018771638,NA,0.174528301886792,106
NsiI.TP66060,8,46691190,0.207037920734168,NA,0.117924528301887,106
PstI.TP762318,2,61355207,0.207294351820163,NA,0.0707547169811321,106
NsiI.TP173658,3,64787835,0.208391579771962,NA,0.476415094339623,106
PstI.TP758217,4,53816542,0.208470501618946,NA,0.349056603773585,106
PstI.TP851906,10,58624598,0.208560331554255,NA,0.113207547169811,106
PstI.TP802412,4,55643788,0.20862576797331,NA,0.0377358490566038,106
PstI.TP405184,1,75082559,0.209191205588732,NA,0.0141509433962265,106
PstI.TP731868,3,62811145,0.210052652805744,NA,0.452830188679245,106
NsiI.TP825138,6,43278106,0.21011683502,NA,0.382075471698113,106
PstI.TP840235,3,50897546,0.21031434955954,NA,0.169811320754717,106
PstI.TP1082413,11,7556,0.210504923563424,NA,0.0188679245283019,106
PstI.TP1134573,9,45626034,0.21057502979719,NA,0.0990566037735849,106
PstI.TP9065,1,57881166,0.21105316385416,NA,0.0566037735849056,106
NsiI.TP210953,1,17586467,0.21164784086147,NA,0.0518867924528302,106
PstI.TP424929,4,65348596,0.211685450577018,NA,0.0188679245283019,106
PstI.TP1178181,11,8303,0.211685450577018,NA,0.0188679245283019,106
PstI.TP857720,4,67675201,0.211864157925898,NA,0.0660377358490566,106
PstI.TP32343,11,263,0.212338420649622,NA,0.0141509433962265,106
PstI.TP892558,10,1094568,0.212429657180532,NA,0.377358490566038,106
PstI.TP623813,10,10751887,0.212447199229613,NA,0.0849056603773585,106
PstI.TP343524,4,750739,0.212509628486447,NA,0.0566037735849057,106
PstI.TP645994,1,72633618,0.212821065919756,NA,0.207547169811321,106
NsiI.TP65406,3,13181164,0.212845820406705,NA,0.443396226415094,106
PstI.TP624446,3,56276161,0.212947207653666,NA,0.183962264150943,106
PstI.TP939350,9,20082917,0.213355809540971,NA,0.0707547169811321,106
PstI.TP1198035,9,52938506,0.213594699689255,NA,0.0518867924528302,106
PstI.TP507239,10,4780432,0.213667527079079,NA,0.0188679245283019,106
PstI.TP283938,4,58233574,0.213990805377646,NA,0.183962264150943,106
PstI.TP1113610,11,7798,0.21408330606779,NA,0.330188679245283,106
PstI.TP929619,1,1952038,0.214182625207921,NA,0.0235849056603774,106
PstI.TP1136034,1,72327412,0.21472607952988,NA,0.0518867924528302,106
PstI.TP326969,11,2591,0.214925209184764,NA,0.0613207547169812,106
PstI.TP696439,3,53175188,0.215289890041753,NA,0.273584905660377,106
PstI.TP1013203,4,63222160,0.215727565991238,NA,0.0613207547169812,106
PstI.TP104467,1,76678896,0.215951912238251,NA,0.0141509433962264,106
PstI.TP705377,11,4888,0.216014819551704,NA,0.19811320754717,106
NsiI.TP626321,6,53948965,0.216358363773821,NA,0.136792452830189,106
PstI.TP602651,4,55651212,0.216475894533921,NA,0.0471698113207547,106
PstI.TP1252197,1,5912854,0.217403361791383,NA,0.089622641509434,106
PstI.TP865707,4,8265404,0.217420677145917,NA,0.0518867924528302,106
NsiI.TP502752,4,65830950,0.217420677145917,NA,0.0518867924528302,106
NsiI.TP489646,11,15049,0.217616886128893,NA,0.363207547169811,106
PstI.TP704244,3,50687892,0.217688501784683,NA,0.0518867924528302,106
PstI.TP880132,3,14454738,0.217823681710577,NA,0.278301886792453,106
PstI.TP919660,3,69086087,0.217831262429975,NA,0.089622641509434,106
PstI.TP1123006,3,15144093,0.218112459962439,NA,0.0660377358490566,106
PstI.TP1005240,7,57259216,0.218856328738269,NA,0.268867924528302,106
PstI.TP524216,11,3915,0.219175961046294,NA,0.0188679245283019,106
PstI.TP70014,4,5572416,0.219244613659205,NA,0.490566037735849,106
NsiI.TP547375,5,50727832,0.219385158078081,NA,0.433962264150943,106
PstI.TP744946,10,1055316,0.219793934478957,NA,0.0330188679245283,106
PstI.TP1038157,11,7211,0.220028760363687,NA,0.117924528301887,106
PstI.TP385344,2,46664405,0.220289537190117,NA,0.150943396226415,106
PstI.TP419219,9,1650258,0.220491600553708,NA,0.089622641509434,106
NsiI.TP814805,3,62875271,0.220538813665682,NA,0.0377358490566038,106
PstI.TP533117,1,18662889,0.220961910166922,NA,0.10377358490566,106
NsiI.TP403662,1,3957731,0.221108103566891,NA,0.0990566037735849,106
PstI.TP287063,5,36574210,0.221132972740087,NA,0.0330188679245284,106
NsiI.TP664450,4,5206028,0.221477284842094,NA,0.386792452830189,106
PstI.TP908250,10,1283043,0.221843523904125,NA,0.400943396226415,106
PstI.TP771967,10,52242723,0.222134636413486,NA,0.231132075471698,106
NsiI.TP453296,1,15160906,0.222469739944736,NA,0.0754716981132075,106
NsiI.TP383201,4,62497766,0.22253008747791,NA,0.155660377358491,106
PstI.TP977259,10,57435024,0.222922517156285,NA,0.0377358490566038,106
PstI.TP548769,11,4062,0.222946534647211,NA,0.0566037735849057,106
PstI.TP256852,9,1065898,0.222966795867962,NA,0.155660377358491,106
PstI.TP1217714,11,8576,0.223002288775749,NA,0.0424528301886793,106
PstI.TP276388,6,59032815,0.2230195738256,NA,0.169811320754717,106
NsiI.TP350913,11,12980,0.223473264487417,NA,0.0566037735849056,106
PstI.TP191473,11,1566,0.223500543968649,NA,0.080188679245283,106
PstI.TP673993,7,55674206,0.223825336879677,NA,0.273584905660377,106
NsiI.TP240864,11,11838,0.225172397447244,NA,0.117924528301887,106
PstI.TP241235,3,9336109,0.225356312818709,NA,0.0283018867924528,106
PstI.TP1227790,9,48696731,0.225532674678082,NA,0.0141509433962265,106
PstI.TP297697,7,65274615,0.225585917134151,NA,0.0283018867924528,106
PstI.TP290055,8,16103749,0.225683757641381,NA,0.0188679245283019,106
PstI.TP667509,11,4648,0.22572602478911,NA,0.0141509433962265,106
NsiI.TP338280,6,53961287,0.225861097261113,NA,0.44811320754717,106
PstI.TP38299,3,51647164,0.225918482110148,NA,0.0188679245283019,106
PstI.TP795263,6,48216537,0.226204701676118,NA,0.132075471698113,106
NsiI.TP493151,3,3481929,0.226284788996119,NA,0.0613207547169812,106
PstI.TP1114127,11,7803,0.226420325427044,NA,0.207547169811321,106
PstI.TP84880,1,63680478,0.227090749771601,NA,0.14622641509434,106
NsiI.TP225346,6,50229745,0.22731096906121,NA,0.0141509433962264,106
PstI.TP932970,6,46390903,0.227907495529995,NA,0.0141509433962264,106
PstI.TP1127564,11,7910,0.228045658591215,NA,0.089622641509434,106
PstI.TP424566,1,8533790,0.228175792310095,NA,0.14622641509434,106
PstI.TP1160645,1,63359101,0.228191826610804,NA,0.386792452830189,106
PstI.TP789303,3,2503265,0.228253850181042,NA,0.0566037735849057,106
PstI.TP345838,3,55454066,0.228367623127884,NA,0.0424528301886793,106
PstI.TP695119,6,52429938,0.228699757193274,NA,0.0235849056603774,106
PstI.TP319528,9,6127592,0.228706403228895,NA,0.0235849056603774,106
NsiI.TP255959,3,11040031,0.228812137396048,NA,0.495283018867924,106
PstI.TP319571,1,11815150,0.229192527454895,NA,0.273584905660377,106
PstI.TP920685,10,10258102,0.229394544959407,NA,0.0141509433962264,106
PstI.TP1196894,7,124663,0.229402237279053,NA,0.287735849056604,106
PstI.TP1220434,6,57879537,0.229438317134456,NA,0.0188679245283019,106
PstI.TP792995,4,59703546,0.229495295998739,NA,0.0471698113207547,106
PstI.TP933357,3,24835151,0.229618136279779,NA,0.0613207547169811,106
NsiI.TP742789,1,56568036,0.229789691718046,NA,0.0518867924528302,106
PstI.TP911974,10,44646981,0.230233695293096,NA,0.0518867924528302,106
PstI.TP1025634,2,71277610,0.230235015168958,NA,0.0707547169811321,106
PstI.TP53685,8,15754213,0.23055199013421,NA,0.117924528301887,106
PstI.TP802029,2,14358830,0.230945031032672,NA,0.0377358490566038,106
NsiI.TP36166,9,58838434,0.230961086096276,NA,0.0283018867924528,106
PstI.TP1181427,10,48075047,0.231228327607972,NA,0.377358490566038,106
NsiI.TP545621,10,43191875,0.231330720176156,NA,0.0613207547169812,106
PstI.TP665435,2,4646947,0.232137293358772,NA,0.113207547169811,106
NsiI.TP50062,4,9875887,0.232251573485004,NA,0.0943396226415094,106
PstI.TP996550,11,6917,0.232439859154787,NA,0.0424528301886792,106
PstI.TP919510,6,40436896,0.232700263084569,NA,0.0141509433962264,106
PstI.TP364909,11,2883,0.232846988906229,NA,0.150943396226415,106
PstI.TP1146858,3,65279133,0.232853246040345,NA,0.0613207547169812,106
NsiI.TP626669,9,57473372,0.232934545248815,NA,0.240566037735849,106
PstI.TP797083,3,58432596,0.233234136417445,NA,0.108490566037736,106
NsiI.TP377446,11,13309,0.233353403609554,NA,0.0424528301886793,106
PstI.TP456356,6,57185583,0.233788329681239,NA,0.188679245283019,106
PstI.TP161281,7,277773,0.234125188146822,NA,0.0283018867924528,106
PstI.TP37475,1,14297444,0.234127220602839,NA,0.306603773584906,106
NsiI.TP464987,11,14671,0.234170529387258,NA,0.14622641509434,106
PstI.TP624271,9,53221888,0.234220636957446,NA,0.0283018867924528,106
NsiI.TP190002,1,15394010,0.234351573812048,NA,0.183962264150943,106
PstI.TP1186327,2,8257580,0.234491634781979,NA,0.457547169811321,106
NsiI.TP122854,9,59340916,0.234682057403033,NA,0.0613207547169812,106
PstI.TP393502,9,48311733,0.234908307934932,NA,0.0141509433962264,106
PstI.TP698154,11,4823,0.235010396115632,NA,0.0424528301886793,106
PstI.TP432405,2,72662195,0.235224952346349,NA,0.0566037735849056,106
PstI.TP1133379,4,51922694,0.235534082063923,NA,0.0943396226415094,106
NsiI.TP653959,5,63238642,0.235674181720618,NA,0.0188679245283019,106
NsiI.TP441346,7,62861283,0.236055006909741,NA,0.0566037735849057,106
PstI.TP684774,11,4736,0.236112494672915,NA,0.207547169811321,106
PstI.TP1069784,2,63643324,0.23615905082848,NA,0.0518867924528302,106
NsiI.TP334084,11,12818,0.23621255221444,NA,0.117924528301887,106
PstI.TP224188,11,1842,0.23627012609254,NA,0.386792452830189,106
NsiI.TP347636,1,17221327,0.23652019274752,NA,0.0377358490566038,106
PstI.TP773822,1,60097008,0.236548117525783,NA,0.0377358490566038,106
PstI.TP616773,11,4334,0.236586614603014,NA,0.0141509433962264,106
PstI.TP816116,1,59685970,0.236682735936107,NA,0.0613207547169812,106
PstI.TP33111,4,60575085,0.236832523532645,NA,0.0188679245283019,106
NsiI.TP235676,6,47234083,0.23692048806896,NA,0.188679245283019,106
PstI.TP105079,6,48450884,0.237198255661456,NA,0.287735849056604,106
PstI.TP894258,4,57750214,0.237538299916595,NA,0.19811320754717,106
PstI.TP1277415,3,39391648,0.237752475508634,NA,0.0801886792452831,106
NsiI.TP313019,2,63730600,0.238578134217428,NA,0.150943396226415,106
PstI.TP1197361,4,52473553,0.238598092621751,NA,0.0566037735849056,106
PstI.TP572234,4,57174114,0.239751250435604,NA,0.10377358490566,106
NsiI.TP459313,1,57397568,0.239821956567564,NA,0.0330188679245283,106
PstI.TP759501,3,57715018,0.239939885250392,NA,0.0518867924528302,106
PstI.TP82727,7,64210634,0.24092285486247,NA,0.39622641509434,106
PstI.TP460814,11,3520,0.24138626408105,NA,0.0330188679245284,106
NsiI.TP500617,6,55386702,0.241555172691115,NA,0.179245283018868,106
PstI.TP1065133,1,75825553,0.241583202386341,NA,0.0660377358490566,106
PstI.TP353347,10,13577246,0.242448939177784,NA,0.0235849056603774,106
PstI.TP463129,9,1621136,0.24265524398182,NA,0.0707547169811321,106
NsiI.TP415662,4,68398657,0.24303581891925,NA,0.089622641509434,106
PstI.TP624170,7,56509983,0.243508449743227,NA,0.122641509433962,106
PstI.TP37827,11,309,0.243987671997015,NA,0.155660377358491,106
PstI.TP804730,10,56184709,0.244373882277907,NA,0.141509433962264,106
PstI.TP1097010,2,19533020,0.244493580225832,NA,0.122641509433962,106
PstI.TP1131191,6,56067093,0.244591548496688,NA,0.0377358490566038,106
NsiI.TP66906,1,66339343,0.244712443198851,NA,0.424528301886792,106
PstI.TP241720,11,1974,0.244752959140163,NA,0.0330188679245284,106
PstI.TP1059573,1,3357749,0.244789724075112,NA,0.169811320754717,106
PstI.TP746826,5,1609271,0.244874696890598,NA,0.0283018867924528,106
NsiI.TP615967,11,16721,0.245028704801151,NA,0.231132075471698,106
NsiI.TP424155,11,13899,0.245474592466055,NA,0.0707547169811321,106
NsiI.TP363465,11,13141,0.245528022453851,NA,0.0943396226415094,106
NsiI.TP241826,6,45324775,0.245603171776353,NA,0.0518867924528302,106
PstI.TP1246574,10,2518921,0.245636905597231,NA,0.174528301886792,106
PstI.TP217199,1,78396312,0.245715213835967,NA,0.0471698113207547,106
NsiI.TP458362,8,56176010,0.24601963807205,NA,0.0330188679245284,106
NsiI.TP48541,11,9716,0.246046321453518,NA,0.0613207547169812,106
NsiI.TP422015,11,13841,0.246053670105023,NA,0.207547169811321,106
NsiI.TP621776,1,79466998,0.246144947390717,NA,0.216981132075472,106
PstI.TP1080476,11,7547,0.246379065832947,NA,0.0235849056603774,106
PstI.TP80388,1,73626823,0.246647456873858,NA,0.30188679245283,106
PstI.TP986652,10,55293480,0.246743107533308,NA,0.0424528301886793,106
NsiI.TP801056,1,69044428,0.246986789594336,NA,0.0330188679245284,106
PstI.TP826982,8,664718,0.247071251762069,NA,0.292452830188679,106
PstI.TP1102598,11,7715,0.247095644259818,NA,0.264150943396226,106
PstI.TP843326,1,72291957,0.247230684801787,NA,0.113207547169811,106
NsiI.TP595528,9,48088449,0.24725757466085,NA,0.268867924528302,106
PstI.TP398042,11,3104,0.247290319711912,NA,0.377358490566038,106
NsiI.TP442209,11,14322,0.24775051299024,NA,0.155660377358491,106
PstI.TP116355,9,55967635,0.248082576666387,NA,0.0141509433962264,106
PstI.TP648892,11,4579,0.248429110949822,NA,0.0471698113207547,106
PstI.TP577552,2,61335361,0.248555424066319,NA,0.0283018867924528,106
PstI.TP291200,1,79471623,0.248668905992491,NA,0.0377358490566038,106
PstI.TP836656,2,74973104,0.248745322197159,NA,0.136792452830189,106
PstI.TP308868,3,50361949,0.24878065009394,NA,0.0754716981132075,106
NsiI.TP146,9,52120597,0.248783408029564,NA,0.424528301886792,106
PstI.TP1250346,1,4555696,0.248917442202281,NA,0.0801886792452831,106
NsiI.TP813164,5,748176,0.249031150184414,NA,0.240566037735849,106
NsiI.TP652621,6,56522972,0.249251518317574,NA,0.0801886792452831,106
NsiI.TP688808,2,16410862,0.249255723226234,NA,0.0330188679245284,106
PstI.TP56525,3,9789280,0.249603466493597,NA,0.0188679245283019,106
PstI.TP209987,9,50529695,0.249787873989074,NA,0.0943396226415094,106
PstI.TP317655,3,70764880,0.250172968661329,NA,0.10377358490566,106
PstI.TP480204,7,17216627,0.250188165969401,NA,0.10377358490566,106
PstI.TP894259,1,58263461,0.250328493191344,NA,0.089622641509434,106
PstI.TP819103,11,5670,0.25035369081496,NA,0.0235849056603774,106
PstI.TP680879,2,64067358,0.250408805907118,NA,0.0424528301886792,106
NsiI.TP820576,2,73503160,0.250651016503092,NA,0.259433962264151,106
PstI.TP579186,1,19637965,0.250876014732461,NA,0.471698113207547,106
PstI.TP1171163,2,76656926,0.251191026901906,NA,0.117924528301887,106
PstI.TP543102,11,4035,0.251199177241277,NA,0.0990566037735849,106
PstI.TP789647,3,69354547,0.251395502888419,NA,0.344339622641509,106
NsiI.TP311989,9,49682483,0.251458533136448,NA,0.0613207547169811,106
PstI.TP774443,11,5346,0.251545445858309,NA,0.391509433962264,106
PstI.TP818076,11,5661,0.252082918470257,NA,0.0660377358490566,106
PstI.TP795074,9,564192,0.252130930498059,NA,0.141509433962264,106
NsiI.TP260208,10,52582112,0.25241579093041,NA,0.0754716981132075,106
PstI.TP1279895,1,18383885,0.252422989641948,NA,0.113207547169811,106
PstI.TP1254873,7,56573089,0.252858971187184,NA,0.419811320754717,106
PstI.TP1243137,8,241410,0.253169335749538,NA,0.0235849056603774,106
PstI.TP1206557,4,67408124,0.25324532373506,NA,0.0188679245283019,106
PstI.TP356699,1,5752437,0.253483531258576,NA,0.0566037735849057,106
PstI.TP631340,6,54158095,0.253506257793443,NA,0.0518867924528302,106
PstI.TP774975,1,61157443,0.253611580515651,NA,0.0613207547169811,106
NsiI.TP444747,4,58371791,0.253802227884708,NA,0.155660377358491,106
NsiI.TP341014,11,12888,0.253890980011412,NA,0.0330188679245284,106
PstI.TP31637,11,249,0.253909987539335,NA,0.30188679245283,106
PstI.TP1028942,11,7153,0.253916628334037,NA,0.0849056603773585,106
PstI.TP759583,3,71370495,0.254150611367945,NA,0.358490566037736,106
PstI.TP197785,3,62421321,0.254643147155229,NA,0.169811320754717,106
PstI.TP335325,4,67812875,0.254676642217138,NA,0.0141509433962265,106
PstI.TP740770,7,8648631,0.254950818615111,NA,0.0424528301886792,106
NsiI.TP222605,7,1240431,0.255084969306037,NA,0.0471698113207547,106
PstI.TP884637,6,26390736,0.255256042653994,NA,0.141509433962264,106
PstI.TP1053697,3,69900965,0.255375308239156,NA,0.438679245283019,106
PstI.TP353147,6,56747520,0.255798270842689,NA,0.0188679245283019,106
NsiI.TP351522,6,58806770,0.255926768092162,NA,0.0188679245283019,106
PstI.TP385421,1,20238710,0.256355324081645,NA,0.0471698113207547,106
PstI.TP693626,3,692292,0.256488847681767,NA,0.382075471698113,106
PstI.TP13629,2,74748191,0.256852581743076,NA,0.0377358490566038,106
PstI.TP19142,11,155,0.257217127694664,NA,0.141509433962264,106
PstI.TP862169,7,60979712,0.257921488303877,NA,0.0943396226415094,106
NsiI.TP323819,11,12685,0.258552061512027,NA,0.287735849056604,106
PstI.TP469702,6,50857851,0.258558864894881,NA,0.0707547169811321,106
PstI.TP694159,3,61030989,0.258832808869888,NA,0.0849056603773585,106
NsiI.TP438799,11,14239,0.259118976818292,NA,0.0471698113207547,106
PstI.TP470160,2,1964484,0.259236849207452,NA,0.0377358490566038,106
PstI.TP1130877,11,7933,0.259273694772018,NA,0.150943396226415,106
PstI.TP382088,2,61025046,0.259692005528845,NA,0.0471698113207547,106
NsiI.TP491687,3,57924753,0.259829409865443,NA,0.0754716981132075,106
PstI.TP288904,1,62080065,0.260264292303319,NA,0.113207547169811,106
PstI.TP855773,7,60046043,0.260727570644003,NA,0.202830188679245,106
PstI.TP143773,11,1214,0.260951708985099,NA,0.0377358490566038,106
PstI.TP1248423,5,1988487,0.261209862686259,NA,0.278301886792453,106
PstI.TP1286154,10,9140794,0.261354340439868,NA,0.0141509433962265,106
PstI.TP961110,1,65184135,0.261654640031757,NA,0.160377358490566,106
PstI.TP75872,3,55474631,0.261806320023076,NA,0.0849056603773585,106
PstI.TP980794,1,15035098,0.262540216188853,NA,0.0424528301886793,106
NsiI.TP55441,4,4075447,0.263138690782888,NA,0.0235849056603774,106
PstI.TP174587,8,61645695,0.263212505732788,NA,0.10377358490566,106
PstI.TP321647,4,53852701,0.263219991642192,NA,0.0141509433962265,106
PstI.TP237773,10,58184327,0.263284231789562,NA,0.0566037735849056,106
PstI.TP434461,2,66813498,0.26349550244142,NA,0.452830188679245,106
PstI.TP452799,1,52828554,0.263563676475194,NA,0.334905660377358,106
NsiI.TP455167,11,14524,0.26361066120278,NA,0.481132075471698,106
PstI.TP130801,5,69682003,0.263752908970863,NA,0.0188679245283019,106
PstI.TP212672,2,65281161,0.264153247100823,NA,0.0330188679245283,106
PstI.TP166292,10,8150237,0.264242834589258,NA,0.344339622641509,106
PstI.TP1150046,4,55510631,0.264445066825564,NA,0.155660377358491,106
PstI.TP633023,11,4448,0.264541218606591,NA,0.0754716981132075,106
PstI.TP1031882,2,10618717,0.264738158786628,NA,0.0283018867924528,106
PstI.TP1009267,6,49760525,0.264798247666948,NA,0.0235849056603774,106
PstI.TP580644,6,47793342,0.26531660161785,NA,0.19811320754717,106
PstI.TP682615,6,46570239,0.265321671275894,NA,0.0471698113207547,106
PstI.TP246674,4,4598220,0.265594959810143,NA,0.0754716981132075,106
PstI.TP714411,6,51076791,0.265750126860516,NA,0.273584905660377,106
PstI.TP806450,1,7007771,0.265944436354346,NA,0.476415094339623,106
PstI.TP1013387,6,56067170,0.265979360332139,NA,0.424528301886792,106
NsiI.TP58678,11,9821,0.266182470310274,NA,0.0566037735849056,106
NsiI.TP168250,2,153697,0.266307653322208,NA,0.349056603773585,106
NsiI.TP77318,4,50254697,0.266409680817377,NA,0.141509433962264,106
NsiI.TP225884,3,62210775,0.266505512575078,NA,0.0518867924528302,106
PstI.TP997573,11,6931,0.266607057950724,NA,0.0235849056603774,106
NsiI.TP516848,11,15505,0.266870032670159,NA,0.0235849056603774,106
PstI.TP67512,11,560,0.267376832284134,NA,0.0943396226415094,106
PstI.TP915238,11,6394,0.267512352226271,NA,0.0566037735849057,106
PstI.TP312460,9,59408883,0.267674220697944,NA,0.0566037735849056,106
PstI.TP38843,6,59303111,0.267903034004043,NA,0.0283018867924528,106
NsiI.TP440500,9,59299455,0.268104388578794,NA,0.0613207547169811,106
NsiI.TP753474,4,65338075,0.268550084721102,NA,0.0188679245283019,106
NsiI.TP591503,3,6784461,0.268624794990547,NA,0.0330188679245283,106
PstI.TP1027912,7,58053493,0.268653718063828,NA,0.132075471698113,106
NsiI.TP471316,11,14787,0.268796719127093,NA,0.0235849056603774,106
PstI.TP669936,1,65249574,0.269032783934009,NA,0.344339622641509,106
NsiI.TP729087,11,18074,0.26956333432338,NA,0.0283018867924528,106
PstI.TP174448,10,2252170,0.269749118377721,NA,0.287735849056604,106
PstI.TP1164364,4,7965997,0.269899501806,NA,0.30188679245283,106
NsiI.TP525477,7,61208838,0.27018429115216,NA,0.0330188679245284,106
PstI.TP298106,4,60749631,0.270211089482811,NA,0.0141509433962265,106
PstI.TP811969,3,64051653,0.270239559075207,NA,0.089622641509434,106
PstI.TP733771,11,5061,0.272113534506538,NA,0.0801886792452831,106
PstI.TP550663,11,4077,0.272288256863235,NA,0.141509433962264,106
PstI.TP339412,1,72911521,0.272441612778484,NA,0.0235849056603774,106
PstI.TP933601,10,1659429,0.272807623053582,NA,0.0849056603773585,106
PstI.TP948493,1,10639570,0.272821115748162,NA,0.0518867924528302,106
PstI.TP931820,1,284314,0.27305009237665,NA,0.0330188679245284,106
PstI.TP468115,1,69143489,0.273109088401274,NA,0.14622641509434,106
PstI.TP181796,11,1492,0.273363500082173,NA,0.0613207547169812,106
PstI.TP1086009,9,47254131,0.273604464383094,NA,0.0424528301886792,106
NsiI.TP442106,9,11643086,0.273692079798058,NA,0.0518867924528302,106
PstI.TP132940,3,8690384,0.273776191429017,NA,0.0377358490566038,106
PstI.TP429929,11,3315,0.273930032645116,NA,0.089622641509434,106
PstI.TP1230532,11,8671,0.274449213791229,NA,0.174528301886792,106
PstI.TP371503,2,57085223,0.274524192066381,NA,0.0188679245283019,106
PstI.TP137261,1,5540981,0.274525003497066,NA,0.226415094339623,106
PstI.TP882242,5,68630849,0.274621344975056,NA,0.0754716981132075,106
PstI.TP904090,6,54037026,0.274877814735026,NA,0.0235849056603774,106
NsiI.TP635035,1,74846699,0.275239301473856,NA,0.0188679245283019,106
PstI.TP523998,3,66128752,0.275315043724596,NA,0.0424528301886793,106
PstI.TP1058684,3,61740645,0.275789038801743,NA,0.0471698113207547,106
NsiI.TP462905,6,60785058,0.275869325478428,NA,0.155660377358491,106
PstI.TP1235826,9,41258170,0.276523610581813,NA,0.0188679245283019,106
PstI.TP875361,4,67756864,0.276650713238476,NA,0.0660377358490566,106
PstI.TP360305,3,67764027,0.276749577510657,NA,0.0754716981132075,106
NsiI.TP732153,11,18113,0.276813406864606,NA,0.089622641509434,106
PstI.TP362171,10,14449905,0.276990810879486,NA,0.268867924528302,106
PstI.TP999740,1,569491,0.277170672196169,NA,0.0943396226415094,106
PstI.TP1118508,7,4264151,0.278041703289141,NA,0.0283018867924528,106
NsiI.TP742717,11,18226,0.278148771944051,NA,0.30188679245283,106
NsiI.TP497376,10,10507025,0.278513157246578,NA,0.0141509433962265,106
PstI.TP718032,2,23093745,0.278865368123753,NA,0.0330188679245283,106
PstI.TP861964,1,20685961,0.27950221393279,NA,0.0235849056603774,106
PstI.TP461600,5,71789531,0.279928716491196,NA,0.0518867924528302,106
PstI.TP38227,1,75241998,0.281216143625232,NA,0.0471698113207547,106
NsiI.TP503474,7,60458156,0.281375024763312,NA,0.0471698113207547,106
PstI.TP95118,9,58539170,0.281385545067199,NA,0.117924528301887,106
PstI.TP858615,7,3805095,0.281545449814219,NA,0.0141509433962265,106
PstI.TP1285666,2,64593899,0.281552396776714,NA,0.0235849056603774,106
NsiI.TP39740,2,186613,0.281602427550393,NA,0.0754716981132075,106
PstI.TP164629,6,45941359,0.281926908129461,NA,0.0188679245283019,106
PstI.TP581911,5,1401801,0.282139212044395,NA,0.0518867924528302,106
NsiI.TP352570,1,20251715,0.282313771036636,NA,0.0188679245283019,106
NsiI.TP742769,2,64965783,0.282336033227368,NA,0.174528301886792,106
PstI.TP975023,2,61638010,0.282355944889248,NA,0.089622641509434,106
PstI.TP269037,10,15276368,0.282583672471572,NA,0.0613207547169811,106
PstI.TP209642,2,67215455,0.282607825382612,NA,0.0235849056603774,106
PstI.TP522018,8,61986171,0.282888503499577,NA,0.0660377358490566,106
PstI.TP613483,4,67835675,0.283070993819272,NA,0.0801886792452831,106
PstI.TP651415,11,4591,0.283418312010533,NA,0.0754716981132075,106
PstI.TP334179,6,58406668,0.283588511910422,NA,0.0754716981132075,106
NsiI.TP757902,4,3504983,0.283831046823501,NA,0.0283018867924528,106
PstI.TP212400,11,1736,0.283837329954914,NA,0.0283018867924528,106
PstI.TP219830,2,76708479,0.283956688228991,NA,0.0188679245283019,106
PstI.TP275021,11,2236,0.284095911813583,NA,0.0330188679245283,106
NsiI.TP523719,11,15596,0.284406095840008,NA,0.0141509433962264,106
PstI.TP1281541,1,64484981,0.284434196853929,NA,0.0141509433962265,106
PstI.TP453426,11,3473,0.284668979470228,NA,0.108490566037736,106
PstI.TP945766,6,54258844,0.284819351843713,NA,0.0754716981132075,106
PstI.TP94366,1,67316019,0.284866299463299,NA,0.0235849056603774,106
PstI.TP96755,1,57367730,0.284890832745294,NA,0.0188679245283019,106
PstI.TP528884,2,63869478,0.284902033394372,NA,0.0330188679245283,106
PstI.TP737968,7,60883389,0.285043246446061,NA,0.174528301886792,106
PstI.TP125348,7,63881820,0.285059339655547,NA,0.0801886792452831,106
NsiI.TP363762,11,13147,0.285229760204399,NA,0.0566037735849057,106
PstI.TP195822,7,60945564,0.285278052835211,NA,0.245283018867924,106
PstI.TP647358,9,59273127,0.285386404058523,NA,0.089622641509434,106
PstI.TP906726,3,3716611,0.285673507895004,NA,0.0518867924528302,106
PstI.TP664847,11,4637,0.28593818417229,NA,0.0377358490566038,106
NsiI.TP371517,6,57614035,0.286230733427887,NA,0.113207547169811,106
PstI.TP893479,7,57292079,0.286666154342014,NA,0.0235849056603774,106
PstI.TP743506,8,5825388,0.286777623797364,NA,0.169811320754717,106
PstI.TP181058,4,7967268,0.286943096390671,NA,0.0330188679245283,106
PstI.TP509367,4,420393,0.287145320536725,NA,0.0330188679245284,106
PstI.TP790069,2,699673,0.287536359534179,NA,0.287735849056604,106
PstI.TP258963,2,68162387,0.287638538783451,NA,0.0235849056603774,106
PstI.TP1075940,10,18152462,0.287692231893635,NA,0.0471698113207547,106
NsiI.TP616451,3,15756558,0.287935582082972,NA,0.0141509433962265,106
PstI.TP261685,4,62397167,0.287970537404595,NA,0.188679245283019,106
NsiI.TP352560,2,67013461,0.288012789562121,NA,0.165094339622642,106
PstI.TP820804,2,72096898,0.288361694750651,NA,0.122641509433962,106
PstI.TP678255,1,67745947,0.28846271006602,NA,0.268867924528302,106
PstI.TP670190,7,63604320,0.288474040197815,NA,0.0330188679245284,106
PstI.TP773940,7,64822434,0.288574424652977,NA,0.0613207547169812,106
NsiI.TP625900,11,16888,0.288701768247803,NA,0.0377358490566038,106
PstI.TP28134,3,56267653,0.288742912596723,NA,0.113207547169811,106
PstI.TP1176376,11,8285,0.288811509220382,NA,0.0849056603773585,106
NsiI.TP717162,3,63834924,0.289044288820087,NA,0.0518867924528302,106
PstI.TP926743,3,3522183,0.289255863160268,NA,0.108490566037736,106
PstI.TP10692,11,83,0.289256744008574,NA,0.174528301886792,106
PstI.TP795667,8,528900,0.289634434702235,NA,0.0801886792452831,106
PstI.TP1038754,8,58785840,0.289795112063079,NA,0.415094339622642,106
PstI.TP521447,8,3072937,0.289880776383559,NA,0.183962264150943,106
PstI.TP953364,9,41929468,0.290129635295904,NA,0.349056603773585,106
PstI.TP774504,4,7549373,0.290137042517684,NA,0.273584905660377,106
PstI.TP246519,6,50756116,0.290185403311749,NA,0.0377358490566038,106
NsiI.TP363057,11,13135,0.29031843999024,NA,0.0141509433962265,106
NsiI.TP440678,11,14284,0.290527017125115,NA,0.0235849056603774,106
NsiI.TP781289,11,18750,0.290637575650361,NA,0.0990566037735849,106
PstI.TP411131,4,50796187,0.29069443739701,NA,0.0566037735849056,106
PstI.TP791712,1,21320307,0.290701264055184,NA,0.122641509433962,106
NsiI.TP333806,9,53114295,0.290790707499649,NA,0.0613207547169812,106
PstI.TP144070,5,2971536,0.290844296621321,NA,0.0188679245283019,106
NsiI.TP739117,9,59004735,0.290845265305618,NA,0.245283018867924,106
PstI.TP767430,2,65651169,0.291094335814715,NA,0.400943396226415,106
PstI.TP1162111,2,66075578,0.291243547326493,NA,0.0943396226415094,106
PstI.TP941483,2,21521726,0.291663762859875,NA,0.0566037735849056,106
PstI.TP639375,5,655773,0.2918595011624,NA,0.0518867924528302,106
NsiI.TP56799,2,71751615,0.292106426928976,NA,0.372641509433962,106
NsiI.TP48486,11,9715,0.292382544796492,NA,0.297169811320755,106
NsiI.TP688992,4,66776482,0.292958293668418,NA,0.0754716981132075,106
PstI.TP551527,1,76166616,0.29313984929192,NA,0.0377358490566038,106
PstI.TP256734,10,60799113,0.293999479236923,NA,0.0754716981132075,106
NsiI.TP358081,6,42784766,0.294063269853642,NA,0.136792452830189,106
PstI.TP143961,3,69764873,0.294118867767575,NA,0.188679245283019,106
PstI.TP178231,2,62690478,0.294892188648831,NA,0.212264150943396,106
NsiI.TP127064,3,72149010,0.29498054795306,NA,0.0235849056603774,106
PstI.TP949077,4,7122037,0.29498845734958,NA,0.150943396226415,106
PstI.TP802382,3,54961574,0.295241918897298,NA,0.183962264150943,106
PstI.TP189885,1,77223222,0.295772317435835,NA,0.0424528301886793,106
PstI.TP890955,1,20013544,0.295805346327913,NA,0.160377358490566,106
NsiI.TP504485,1,3381640,0.295844319002959,NA,0.0471698113207547,106
PstI.TP1046232,2,64504186,0.296253203192129,NA,0.0188679245283019,106
NsiI.TP175150,1,19077723,0.296761300310111,NA,0.386792452830189,106
PstI.TP769595,4,65760736,0.297017002885788,NA,0.367924528301887,106
PstI.TP110885,6,47190301,0.297074902408247,NA,0.127358490566038,106
PstI.TP315020,1,77386737,0.297338799767184,NA,0.155660377358491,106
PstI.TP436494,1,71906250,0.297404776291016,NA,0.334905660377358,106
PstI.TP974726,1,9504539,0.29799667938617,NA,0.0518867924528302,106
PstI.TP1010623,3,2603844,0.298040633168717,NA,0.0141509433962264,106
PstI.TP685673,9,53035339,0.298320379632191,NA,0.0283018867924528,106
PstI.TP1017446,11,7063,0.298649430206422,NA,0.0235849056603774,106
NsiI.TP554617,6,46665120,0.299161046925593,NA,0.0471698113207547,106
PstI.TP845869,2,9862801,0.29954943030984,NA,0.0613207547169812,106
PstI.TP83264,6,56897554,0.299889281319126,NA,0.0660377358490566,106
PstI.TP745087,3,71534823,0.300219475383545,NA,0.292452830188679,106
PstI.TP231608,1,46403489,0.300307392719088,NA,0.080188679245283,106
NsiI.TP730441,3,70813388,0.300420598050506,NA,0.089622641509434,106
PstI.TP1005487,3,49717109,0.300450843220956,NA,0.367924528301887,106
NsiI.TP678570,11,17474,0.300971900525978,NA,0.0566037735849057,106
PstI.TP667320,1,10965394,0.301272799796533,NA,0.0235849056603774,106
PstI.TP1162168,1,50144561,0.301366023913763,NA,0.226415094339623,106
PstI.TP532263,10,50312279,0.302164513423375,NA,0.10377358490566,106
PstI.TP1024604,4,59621675,0.30235622045089,NA,0.19811320754717,106
PstI.TP883382,11,6167,0.302994729432043,NA,0.259433962264151,106
PstI.TP1175096,11,8274,0.303113237478162,NA,0.188679245283019,106
PstI.TP179464,11,1469,0.303203296874948,NA,0.0377358490566038,106
NsiI.TP494032,11,15129,0.303616752216219,NA,0.193396226415094,106
PstI.TP153473,2,49922484,0.303949117252983,NA,0.481132075471698,106
PstI.TP814682,10,53107040,0.303981423244217,NA,0.0471698113207547,106
PstI.TP197187,3,17294454,0.304326847867895,NA,0.122641509433962,106
PstI.TP604956,10,5628757,0.304502378422909,NA,0.188679245283019,106
PstI.TP336268,3,55896402,0.304730024543933,NA,0.264150943396226,106
NsiI.TP61845,1,30836654,0.305005083844676,NA,0.0660377358490566,106
PstI.TP1244443,1,3397749,0.305146440828553,NA,0.136792452830189,106
PstI.TP31645,10,58342331,0.30520801820624,NA,0.0235849056603774,106
PstI.TP1021321,7,40225707,0.305535756504697,NA,0.0518867924528302,106
PstI.TP750527,8,3822988,0.305654923243866,NA,0.311320754716981,106
PstI.TP1129605,2,60533982,0.306103276899184,NA,0.0471698113207547,106
NsiI.TP535389,11,15757,0.306354912487721,NA,0.0141509433962264,106
PstI.TP1010638,4,66370705,0.306437122947798,NA,0.0188679245283019,106
PstI.TP314244,1,76274649,0.30648746700661,NA,0.0566037735849056,106
PstI.TP726225,6,58406812,0.306602774122133,NA,0.0424528301886792,106
PstI.TP981287,3,51905432,0.306613056771065,NA,0.0754716981132075,106
PstI.TP654237,3,63375812,0.306632503735805,NA,0.485849056603774,106
PstI.TP345727,4,58070330,0.306860213067112,NA,0.476415094339623,106
PstI.TP167777,3,62571181,0.306943611694502,NA,0.108490566037736,106
PstI.TP927411,4,55321457,0.306968621976777,NA,0.0330188679245284,106
PstI.TP176880,1,28241729,0.307558849216998,NA,0.0330188679245283,106
PstI.TP774715,2,66630116,0.307695586755443,NA,0.0235849056603774,106
PstI.TP140535,10,56266608,0.308045378449942,NA,0.0613207547169812,106
PstI.TP94534,9,56597128,0.308618304636375,NA,0.25,106
PstI.TP358092,4,78246,0.308767362302094,NA,0.160377358490566,106
PstI.TP931830,1,65273426,0.308890960413608,NA,0.193396226415094,106
PstI.TP1212724,1,72123046,0.30945209264101,NA,0.0188679245283019,106
PstI.TP82908,11,694,0.309801102996874,NA,0.183962264150943,106
PstI.TP797211,9,47975853,0.310032298660652,NA,0.240566037735849,106
PstI.TP301133,1,12137712,0.310129688274085,NA,0.0188679245283019,106
NsiI.TP810468,6,52878123,0.310676922925636,NA,0.160377358490566,106
PstI.TP911718,2,72102887,0.310825563721419,NA,0.0283018867924528,106
PstI.TP1012615,9,5002012,0.310921705594405,NA,0.0283018867924528,106
NsiI.TP772843,1,18447607,0.31140707671404,NA,0.0330188679245283,106
PstI.TP787129,9,50019163,0.311481647265833,NA,0.240566037735849,106
NsiI.TP366891,11,13179,0.312088100876154,NA,0.254716981132075,106
NsiI.TP636278,9,5624719,0.312679580835051,NA,0.358490566037736,106
NsiI.TP507205,11,15353,0.313306402460376,NA,0.0188679245283019,106
PstI.TP1200270,2,13518060,0.313804164261428,NA,0.108490566037736,106
PstI.TP807213,1,57183105,0.314554010918052,NA,0.0660377358490566,106
NsiI.TP239784,10,57422222,0.315480994799157,NA,0.0660377358490566,106
PstI.TP1014210,11,7040,0.315535888337026,NA,0.0141509433962264,106
PstI.TP709057,6,54629080,0.315726552786362,NA,0.367924528301887,106
PstI.TP1164097,10,1543675,0.315810396672516,NA,0.245283018867924,106
PstI.TP217593,3,66787516,0.315910045353949,NA,0.287735849056604,106
PstI.TP434977,1,79165905,0.316063320275488,NA,0.0801886792452831,106
NsiI.TP756597,4,62292852,0.316188813626852,NA,0.0188679245283019,106
PstI.TP338249,9,1847859,0.31655415811195,NA,0.0188679245283019,106
NsiI.TP583342,11,16377,0.316677731950829,NA,0.117924528301887,106
NsiI.TP520621,4,66641853,0.316919538505618,NA,0.0330188679245283,106
PstI.TP901498,10,59750699,0.316956982148051,NA,0.419811320754717,106
PstI.TP624914,11,4385,0.317498619462338,NA,0.0235849056603774,106
PstI.TP522065,8,58295434,0.318426641738558,NA,0.0188679245283019,106
PstI.TP584580,11,4194,0.318608093811948,NA,0.0613207547169811,106
PstI.TP730140,4,66928932,0.318728245490401,NA,0.0283018867924528,106
PstI.TP671156,3,67539818,0.318900090698066,NA,0.0330188679245284,106
PstI.TP830140,4,65047024,0.318936170077659,NA,0.0518867924528302,106
PstI.TP669832,2,76707459,0.319556353733052,NA,0.150943396226415,106
PstI.TP2006,8,3930378,0.319620539402584,NA,0.089622641509434,106
PstI.TP1151420,7,61070494,0.319647050822166,NA,0.0424528301886793,106
PstI.TP640452,2,13526708,0.319809449369789,NA,0.0141509433962265,106
NsiI.TP547114,11,15872,0.319809449369789,NA,0.0141509433962265,106
NsiI.TP556871,11,16026,0.319974790634636,NA,0.0471698113207547,106
PstI.TP577602,6,41219403,0.320436677143821,NA,0.122641509433962,106
PstI.TP1046643,2,58595318,0.320610084851842,NA,0.14622641509434,106
PstI.TP284290,10,1529382,0.320734897364243,NA,0.0754716981132075,106
PstI.TP822327,1,56871868,0.320764715448725,NA,0.183962264150943,106
PstI.TP576587,6,49188679,0.3209716940849,NA,0.089622641509434,106
PstI.TP881941,11,6157,0.321345346759827,NA,0.452830188679245,106
NsiI.TP502025,2,75191746,0.321596623448401,NA,0.089622641509434,106
PstI.TP59594,1,63737514,0.321696125282903,NA,0.0943396226415094,106
PstI.TP338468,11,2668,0.321955257819269,NA,0.231132075471698,106
PstI.TP922645,11,6454,0.322404099425309,NA,0.0141509433962265,106
PstI.TP444440,11,3411,0.322613754755686,NA,0.0283018867924528,106
PstI.TP65527,10,60139620,0.322740375871664,NA,0.235849056603774,106
NsiI.TP281272,3,56294407,0.32288662719826,NA,0.320754716981132,106
PstI.TP460957,2,63153566,0.323138392480646,NA,0.0754716981132075,106
NsiI.TP659539,2,20500478,0.323193386910634,NA,0.132075471698113,106
PstI.TP1098788,11,7687,0.323287793912691,NA,0.212264150943396,106
PstI.TP477712,1,65237054,0.323845211292306,NA,0.311320754716981,106
PstI.TP864305,1,77077806,0.324573317238323,NA,0.193396226415094,106
PstI.TP1241719,6,57149401,0.324834225401126,NA,0.0188679245283019,106
PstI.TP241635,1,75313297,0.324985832849879,NA,0.117924528301887,106
NsiI.TP700791,10,8869373,0.325712581518235,NA,0.108490566037736,106
NsiI.TP450783,2,73164177,0.325713294732207,NA,0.0849056603773585,106
PstI.TP410821,2,8615723,0.326108120396932,NA,0.0707547169811321,106
NsiI.TP732133,11,18112,0.326252945113893,NA,0.344339622641509,106
NsiI.TP121022,5,71744727,0.326301715188108,NA,0.405660377358491,106
PstI.TP332893,2,63934460,0.326385057499404,NA,0.113207547169811,106
PstI.TP1207720,7,6941790,0.326862170268936,NA,0.174528301886792,106
PstI.TP1018061,6,49747202,0.32726246336888,NA,0.297169811320755,106
PstI.TP350443,10,53018412,0.3275982411157,NA,0.183962264150943,106
PstI.TP910355,3,11278736,0.327830282595283,NA,0.0377358490566038,106
PstI.TP930435,2,59600248,0.327902065198118,NA,0.0141509433962265,106
PstI.TP1177494,1,71370263,0.32806430032174,NA,0.132075471698113,106
NsiI.TP633588,1,29778455,0.328342221388121,NA,0.0188679245283019,106
PstI.TP1158253,6,57627001,0.328573534688505,NA,0.0377358490566038,106
NsiI.TP304764,3,1836392,0.328864608258204,NA,0.0849056603773585,106
NsiI.TP184008,3,11490897,0.329210393354507,NA,0.0518867924528302,106
PstI.TP1227746,11,8651,0.329948720908595,NA,0.0377358490566038,106
PstI.TP214720,7,58614835,0.330029512008999,NA,0.14622641509434,106
PstI.TP214149,2,66672122,0.330264591848129,NA,0.0283018867924528,106
NsiI.TP406701,11,13592,0.330338032361288,NA,0.089622641509434,106
PstI.TP1152021,1,865447,0.330378592132058,NA,0.0330188679245283,106
PstI.TP827038,4,54042262,0.330802389954194,NA,0.0235849056603774,106
PstI.TP197948,2,18537474,0.330985967703529,NA,0.25,106
PstI.TP798778,3,63375873,0.331103904535539,NA,0.0235849056603774,106
PstI.TP729855,3,65126133,0.331324062409126,NA,0.0330188679245283,106
NsiI.TP353816,9,47972452,0.331412275854238,NA,0.113207547169811,106
PstI.TP393128,7,60228191,0.331723066350703,NA,0.0188679245283019,106
PstI.TP448080,1,70586488,0.331848493080849,NA,0.0707547169811321,106
PstI.TP1151415,11,8084,0.331887206345178,NA,0.150943396226415,106
NsiI.TP371546,4,60259433,0.331969095490048,NA,0.169811320754717,106
PstI.TP1123778,2,61958273,0.332182317328025,NA,0.080188679245283,106
PstI.TP325811,3,54129392,0.332239782287108,NA,0.150943396226415,106
PstI.TP1215143,11,8559,0.33253887211825,NA,0.141509433962264,106
PstI.TP1012849,9,50040368,0.332607160615896,NA,0.0330188679245284,106
PstI.TP1185359,9,2350553,0.332678316285795,NA,0.0141509433962264,106
PstI.TP622235,10,12390554,0.333617705676307,NA,0.0283018867924528,106
NsiI.TP557652,10,55121411,0.333976279540656,NA,0.188679245283019,106
PstI.TP483021,11,3661,0.334266003428153,NA,0.0566037735849057,106
PstI.TP755963,11,5221,0.334499653188394,NA,0.136792452830189,106
PstI.TP1128689,3,3289133,0.334684050662322,NA,0.174528301886792,106
PstI.TP781859,4,66322904,0.3354490765935,NA,0.089622641509434,106
NsiI.TP56323,1,76939788,0.335953413632125,NA,0.0330188679245284,106
PstI.TP132713,4,1009711,0.336052110238775,NA,0.0283018867924528,106
PstI.TP95450,1,74768149,0.336225409933769,NA,0.14622641509434,106
PstI.TP285646,7,59945480,0.336308032189776,NA,0.0660377358490566,106
PstI.TP876687,2,71285534,0.336342807471635,NA,0.0235849056603774,106
PstI.TP339875,8,60926839,0.336499246743929,NA,0.0849056603773585,106
PstI.TP953477,7,59672539,0.336787032967629,NA,0.316037735849057,106
PstI.TP811351,3,4140044,0.336865268996723,NA,0.0377358490566038,106
PstI.TP244587,11,1996,0.336925551246798,NA,0.113207547169811,106
NsiI.TP771574,5,35005966,0.337980497725237,NA,0.39622641509434,106
PstI.TP1068317,11,7437,0.338020292122954,NA,0.122641509433962,106
PstI.TP508387,3,54826011,0.338556224062301,NA,0.0613207547169812,106
PstI.TP681637,2,72313757,0.338662531469277,NA,0.179245283018868,106
NsiI.TP753115,10,54052527,0.338878489073379,NA,0.0377358490566038,106
PstI.TP404712,4,2511431,0.340007658408025,NA,0.0471698113207547,106
NsiI.TP44015,3,59016749,0.340505434406682,NA,0.0613207547169811,106
PstI.TP756560,6,30981137,0.340608275882007,NA,0.433962264150943,106
PstI.TP1064216,8,19305443,0.340619572635021,NA,0.0141509433962265,106
PstI.TP647641,8,61103675,0.340654347521272,NA,0.466981132075472,106
PstI.TP115692,7,58269670,0.340761696289827,NA,0.0283018867924528,106
PstI.TP310149,11,2456,0.340860745840833,NA,0.127358490566038,106
PstI.TP387625,4,9914701,0.341005419454122,NA,0.0235849056603774,106
PstI.TP210200,11,1720,0.341071097219245,NA,0.108490566037736,106
PstI.TP226426,11,1858,0.341176405773057,NA,0.0424528301886792,106
NsiI.TP772187,11,18643,0.341650100335957,NA,0.0849056603773585,106
PstI.TP898020,4,68518674,0.34216100679614,NA,0.0660377358490566,106
PstI.TP979536,5,2060722,0.342273784550827,NA,0.0471698113207547,106
PstI.TP727839,11,5019,0.342834563375513,NA,0.306603773584906,106
PstI.TP770044,2,73737012,0.343161583804347,NA,0.207547169811321,106
PstI.TP1075367,10,55922964,0.343200874253739,NA,0.0518867924528302,106
PstI.TP439066,3,73445402,0.343793425035682,NA,0.0141509433962264,106
PstI.TP710312,3,61493650,0.343810605489564,NA,0.080188679245283,106
PstI.TP971832,4,66161848,0.344137653170257,NA,0.415094339622642,106
PstI.TP706479,2,14264983,0.344445876441114,NA,0.0660377358490566,106
PstI.TP167287,11,1370,0.344523622381891,NA,0.117924528301887,106
PstI.TP862456,11,6014,0.34452963365343,NA,0.0235849056603774,106
PstI.TP388391,3,69918190,0.345497776587801,NA,0.193396226415094,106
NsiI.TP32638,8,58529578,0.345658843515559,NA,0.108490566037736,106
NsiI.TP156527,6,48231181,0.346490693286221,NA,0.0424528301886793,106
PstI.TP1132955,4,63683010,0.346504862849555,NA,0.193396226415094,106
PstI.TP720409,1,58165134,0.346939150909849,NA,0.320754716981132,106
PstI.TP56795,1,2315051,0.347704990448412,NA,0.0141509433962265,106
PstI.TP533660,9,13375469,0.348030766855696,NA,0.19811320754717,106
PstI.TP529090,11,3947,0.348375721068712,NA,0.089622641509434,106
PstI.TP140068,5,3687747,0.34855106058417,NA,0.372641509433962,106
PstI.TP1176448,11,8287,0.348798124085715,NA,0.0141509433962264,106
PstI.TP317631,1,69806063,0.348912490015951,NA,0.0424528301886792,106
PstI.TP187405,1,73910743,0.349061033094976,NA,0.0660377358490566,106
PstI.TP1155202,1,3620639,0.349082971139754,NA,0.0424528301886793,106
NsiI.TP218789,3,51796050,0.349114491989251,NA,0.25,106
NsiI.TP158596,11,10873,0.349201217702637,NA,0.0707547169811321,106
PstI.TP1003470,6,55262974,0.349281744741223,NA,0.0188679245283019,106
PstI.TP640478,4,61836372,0.349352621609726,NA,0.358490566037736,106
PstI.TP292445,4,62388173,0.349725981247273,NA,0.0141509433962264,106
PstI.TP807137,10,43038231,0.349808483708778,NA,0.0660377358490566,106
NsiI.TP229964,9,54430662,0.350220330985165,NA,0.0613207547169812,106
PstI.TP1002850,11,6959,0.350538294322617,NA,0.0283018867924528,106
PstI.TP347850,7,8702241,0.350858042435874,NA,0.183962264150943,106
PstI.TP834485,1,62936010,0.350864360303018,NA,0.0943396226415094,106
PstI.TP569629,6,51517308,0.351038175470791,NA,0.433962264150943,106
PstI.TP374326,4,60827920,0.351069829734287,NA,0.0141509433962265,106
NsiI.TP401041,6,59883335,0.351124262025202,NA,0.089622641509434,106
PstI.TP1196344,11,8461,0.351428635986149,NA,0.0283018867924528,106
PstI.TP475981,11,3612,0.351446201581438,NA,0.226415094339623,106
PstI.TP1161045,2,61497818,0.352188953182362,NA,0.0518867924528302,106
PstI.TP323959,3,57882705,0.352428076625567,NA,0.0377358490566038,106
PstI.TP458571,2,3669039,0.353033061837427,NA,0.0471698113207547,106
PstI.TP1182748,11,8339,0.353068591548139,NA,0.141509433962264,106
PstI.TP426523,11,3290,0.353592194122656,NA,0.0660377358490566,106
PstI.TP803239,11,5565,0.354320364850103,NA,0.212264150943396,106
PstI.TP598337,11,4249,0.354862644537033,NA,0.0377358490566038,106
NsiI.TP458921,11,14597,0.355049264411918,NA,0.367924528301887,106
PstI.TP813929,6,48009958,0.355447990074767,NA,0.44811320754717,106
PstI.TP892511,7,657459,0.355781959161386,NA,0.0283018867924528,106
PstI.TP446073,7,10755390,0.356450116012746,NA,0.0613207547169811,106
PstI.TP346744,3,52014149,0.356481174412303,NA,0.278301886792453,106
PstI.TP773343,6,31243845,0.35685888513503,NA,0.0660377358490566,106
PstI.TP746782,9,53784279,0.357249129211644,NA,0.0471698113207547,106
PstI.TP738023,2,59441982,0.357647205048238,NA,0.292452830188679,106
PstI.TP457434,4,15595824,0.357668010122263,NA,0.0566037735849057,106
PstI.TP446782,4,63627667,0.357668010122263,NA,0.0566037735849057,106
PstI.TP308152,3,6124917,0.357686554036632,NA,0.0849056603773585,106
PstI.TP803468,6,47699983,0.357781393756299,NA,0.169811320754717,106
PstI.TP332281,11,2622,0.357907001973812,NA,0.0235849056603774,106
PstI.TP51995,2,74836619,0.357953499794975,NA,0.0943396226415094,106
PstI.TP442698,6,59971726,0.358082495627234,NA,0.39622641509434,106
NsiI.TP349068,3,63530177,0.358174639325783,NA,0.089622641509434,106
NsiI.TP199778,2,27804707,0.358584108137921,NA,0.0424528301886793,106
PstI.TP994295,1,15000089,0.358706571210354,NA,0.235849056603774,106
PstI.TP921276,1,70382591,0.358743351493142,NA,0.0471698113207547,106
PstI.TP256431,9,4309732,0.358874770790732,NA,0.377358490566038,106
NsiI.TP192642,11,11257,0.359805597491326,NA,0.0566037735849057,106
PstI.TP843955,6,52307437,0.360233803741648,NA,0.0141509433962264,106
NsiI.TP72077,1,1422420,0.360620821970908,NA,0.0330188679245284,106
PstI.TP252584,11,2055,0.360738133180918,NA,0.424528301886792,106
PstI.TP29818,11,230,0.361068402102657,NA,0.136792452830189,106
NsiI.TP666939,2,61311508,0.361425489621736,NA,0.0518867924528302,106
PstI.TP124082,2,73100016,0.361462960260198,NA,0.108490566037736,106
PstI.TP226901,11,1863,0.361519946914246,NA,0.0613207547169811,106
PstI.TP530513,6,55454149,0.36160055775319,NA,0.0330188679245284,106
PstI.TP797039,10,6739376,0.362221231456442,NA,0.113207547169811,106
PstI.TP335710,9,55077385,0.363521396606786,NA,0.0141509433962265,106
PstI.TP419801,8,1077354,0.36352536663611,NA,0.240566037735849,106
PstI.TP108652,2,15963619,0.364068222348714,NA,0.400943396226415,106
NsiI.TP492284,9,56712348,0.364101478485725,NA,0.141509433962264,106
PstI.TP125251,11,1045,0.364147397907607,NA,0.0330188679245284,106
PstI.TP1206934,3,6141050,0.364207643009026,NA,0.136792452830189,106
NsiI.TP42778,10,52815086,0.36421090445991,NA,0.136792452830189,106
PstI.TP1116298,6,57959042,0.364406558132506,NA,0.108490566037736,106
NsiI.TP208576,2,68701539,0.364646275418192,NA,0.127358490566038,106
PstI.TP77620,9,53720938,0.365050771526451,NA,0.0283018867924528,106
PstI.TP834958,9,54418483,0.365402088442124,NA,0.0518867924528302,106
PstI.TP715461,3,20004205,0.365811332269515,NA,0.188679245283019,106
NsiI.TP218990,3,67119017,0.366112953159949,NA,0.0330188679245283,106
PstI.TP501971,10,8186495,0.366152874233698,NA,0.0660377358490566,106
PstI.TP1248832,3,65713285,0.366327683804476,NA,0.150943396226415,106
PstI.TP53152,6,56671658,0.36674124405825,NA,0.0613207547169812,106
PstI.TP778311,4,4451472,0.366822087132952,NA,0.183962264150943,106
NsiI.TP755202,1,57718474,0.366822620801079,NA,0.0424528301886793,106
PstI.TP384804,2,65029446,0.367074746658227,NA,0.438679245283019,106
PstI.TP874115,11,6097,0.367546593182013,NA,0.0849056603773585,106
NsiI.TP758763,1,57499558,0.367768607344501,NA,0.0566037735849057,106
PstI.TP485183,7,5360417,0.36800093186036,NA,0.0141509433962264,106
PstI.TP1185472,6,45032097,0.368336621049675,NA,0.0943396226415094,106
PstI.TP1007652,10,9980333,0.368589653436643,NA,0.264150943396226,106
PstI.TP689331,11,4766,0.368952405373797,NA,0.0188679245283019,106
PstI.TP335787,4,4738410,0.368992036533117,NA,0.0707547169811321,106
PstI.TP1273751,7,4585882,0.369053165479057,NA,0.419811320754717,106
PstI.TP171713,4,6902976,0.369322064675373,NA,0.0424528301886792,106
PstI.TP213773,6,58954159,0.370007461294528,NA,0.0188679245283019,106
NsiI.TP345205,11,12921,0.370241002939976,NA,0.0188679245283019,106
PstI.TP143356,6,60904975,0.370360643561333,NA,0.0141509433962264,106
PstI.TP226763,6,54544255,0.370375913271327,NA,0.169811320754717,106
NsiI.TP457671,4,60173879,0.370880831284064,NA,0.0330188679245283,106
PstI.TP469520,6,53807168,0.371006697830196,NA,0.136792452830189,106
PstI.TP507771,7,60945817,0.371169282879079,NA,0.0330188679245284,106
PstI.TP117081,2,45986549,0.371231172788687,NA,0.089622641509434,106
PstI.TP262789,3,72159095,0.371584412525753,NA,0.080188679245283,106
NsiI.TP699818,9,57654624,0.371773053572742,NA,0.349056603773585,106
PstI.TP119903,3,57121769,0.37211333825009,NA,0.0471698113207547,106
NsiI.TP624734,11,16871,0.372570304185856,NA,0.0188679245283019,106
PstI.TP719095,9,1109109,0.372728803112427,NA,0.080188679245283,106
PstI.TP250354,10,6510934,0.37277251028535,NA,0.0424528301886793,106
PstI.TP174000,11,1429,0.372799708069991,NA,0.117924528301887,106
PstI.TP975092,1,59040624,0.3733260584351,NA,0.0566037735849057,106
PstI.TP956432,11,6670,0.374099483794465,NA,0.410377358490566,106
NsiI.TP499936,1,76362441,0.374110694039483,NA,0.0235849056603774,106
PstI.TP24110,4,52990968,0.37416551768058,NA,0.0990566037735849,106
PstI.TP810944,7,61876950,0.374522342640945,NA,0.216981132075472,106
PstI.TP1094441,4,53080201,0.374540346804786,NA,0.292452830188679,106
PstI.TP309238,1,27158767,0.374644572695672,NA,0.0141509433962265,106
NsiI.TP631040,1,76939823,0.374694847320067,NA,0.113207547169811,106
PstI.TP831238,3,4140006,0.374979066012177,NA,0.316037735849057,106
NsiI.TP572651,3,58366862,0.37504684058488,NA,0.0754716981132075,106
PstI.TP208155,3,12469663,0.375319921235322,NA,0.0330188679245284,106
PstI.TP345581,1,10284848,0.375445314081396,NA,0.0283018867924528,106
PstI.TP235369,1,8337767,0.375684367143582,NA,0.0235849056603774,106
PstI.TP724939,3,66915295,0.375851655861438,NA,0.0471698113207547,106
PstI.TP56167,5,66355886,0.376092643447963,NA,0.117924528301887,106
PstI.TP323188,11,2560,0.3765980736477,NA,0.245283018867925,106
PstI.TP1201184,6,51500444,0.377004205911653,NA,0.0707547169811321,106
PstI.TP48113,11,409,0.377118670304787,NA,0.235849056603774,106
NsiI.TP224100,9,3423752,0.37792492702259,NA,0.0141509433962264,106
PstI.TP322890,6,46091816,0.37795927055286,NA,0.25,106
PstI.TP1165391,2,69968329,0.378641324888501,NA,0.273584905660377,106
PstI.TP1008128,9,54742077,0.378647888577828,NA,0.10377358490566,106
PstI.TP619311,11,4342,0.378826322692347,NA,0.0990566037735849,106
NsiI.TP86948,2,72054087,0.378830595306896,NA,0.0471698113207547,106
PstI.TP691322,7,15663756,0.378906818314313,NA,0.113207547169811,106
PstI.TP824743,4,51495892,0.379029491668262,NA,0.174528301886792,106
PstI.TP229716,2,52006699,0.379182901704774,NA,0.0283018867924528,106
PstI.TP263277,3,64477115,0.379606477530428,NA,0.193396226415094,106
NsiI.TP527015,3,4676752,0.380075579928914,NA,0.0377358490566038,106
PstI.TP1285583,11,9053,0.380081750697885,NA,0.089622641509434,106
PstI.TP529698,10,49892865,0.38024323861415,NA,0.254716981132075,106
PstI.TP267556,3,2124660,0.380298930512838,NA,0.311320754716981,106
NsiI.TP435960,10,45929366,0.380433480946084,NA,0.0660377358490566,106
PstI.TP6025,2,62661228,0.380670711996282,NA,0.0188679245283019,106
PstI.TP455987,6,45591084,0.381048122140727,NA,0.108490566037736,106
PstI.TP1244481,2,75457518,0.381531282419864,NA,0.0518867924528302,106
PstI.TP418657,9,3167458,0.382002297493676,NA,0.0188679245283019,106
PstI.TP1043816,4,10208138,0.382684398639808,NA,0.0613207547169812,106
PstI.TP1172215,11,8242,0.383080600628523,NA,0.10377358490566,106
PstI.TP1294195,11,9130,0.383114759120412,NA,0.0141509433962265,106
PstI.TP537488,1,15836219,0.38326061555614,NA,0.150943396226415,106
PstI.TP374113,11,2928,0.383449467027443,NA,0.0424528301886793,106
PstI.TP368198,10,2195865,0.383535475538992,NA,0.0188679245283019,106
PstI.TP1100260,3,62171188,0.383542251287592,NA,0.0235849056603774,106
PstI.TP487244,11,3692,0.383834653669991,NA,0.127358490566038,106
PstI.TP1033169,4,68372412,0.383862416518623,NA,0.0188679245283019,106
PstI.TP336967,7,63960044,0.383946210204062,NA,0.0235849056603774,106
NsiI.TP521175,4,55787564,0.383997024172655,NA,0.19811320754717,106
PstI.TP1046125,6,48289644,0.384199740085338,NA,0.136792452830189,106
NsiI.TP39913,2,76409395,0.384319957621979,NA,0.0943396226415094,106
PstI.TP105678,11,872,0.384623706937989,NA,0.358490566037736,106
PstI.TP925206,10,58730377,0.384794463411874,NA,0.424528301886792,106
PstI.TP370692,3,55164432,0.385280402794538,NA,0.127358490566038,106
NsiI.TP18976,3,58318774,0.385460972926413,NA,0.0943396226415094,106
PstI.TP1084308,4,42752899,0.386018308726406,NA,0.0801886792452831,106
PstI.TP251999,1,68828244,0.386283534017241,NA,0.0330188679245283,106
PstI.TP1002549,3,61933672,0.387030262191999,NA,0.35377358490566,106
PstI.TP447781,9,12669967,0.387055149082186,NA,0.080188679245283,106
NsiI.TP407119,4,6500382,0.387196555166804,NA,0.0283018867924528,106
PstI.TP978043,1,75183592,0.387312123898503,NA,0.0471698113207547,106
NsiI.TP522455,1,5717942,0.387559781380009,NA,0.0613207547169812,106
PstI.TP117089,2,45986595,0.387609310583901,NA,0.089622641509434,106
PstI.TP1131319,8,59436386,0.387646730710353,NA,0.0566037735849057,106
PstI.TP339012,4,23730556,0.387688551522621,NA,0.0660377358490566,106
PstI.TP880884,5,8724121,0.387892321068936,NA,0.0613207547169811,106
NsiI.TP746666,4,59482378,0.388173137811361,NA,0.0141509433962265,106
NsiI.TP414672,11,13720,0.388473661032085,NA,0.0330188679245283,106
PstI.TP1143289,11,8009,0.388994003360845,NA,0.0801886792452831,106
PstI.TP382734,3,69008837,0.389014207252971,NA,0.0330188679245284,106
PstI.TP548596,1,16432580,0.389573671681658,NA,0.0188679245283019,106
PstI.TP840565,2,31129874,0.389850889289104,NA,0.0707547169811321,106
PstI.TP891455,6,51677486,0.389856993444611,NA,0.0330188679245284,106
PstI.TP713037,11,4937,0.390343299863649,NA,0.0141509433962264,106
NsiI.TP515499,3,73834383,0.390430273483778,NA,0.0330188679245284,106
NsiI.TP555329,3,67453921,0.3904837132188,NA,0.0566037735849056,106
PstI.TP291227,4,59509607,0.390781244505806,NA,0.0518867924528302,106
NsiI.TP5731,10,59553714,0.391001043636376,NA,0.0471698113207547,106
PstI.TP588448,9,53165297,0.391628953508011,NA,0.245283018867924,106
PstI.TP745600,1,15174350,0.392281572529479,NA,0.0188679245283019,106
NsiI.TP434679,3,11842346,0.392703132967631,NA,0.10377358490566,106
PstI.TP109994,3,998411,0.392709505425122,NA,0.155660377358491,106
PstI.TP241352,6,60244644,0.392975481459447,NA,0.0754716981132075,106
PstI.TP944699,6,43235510,0.393212619427205,NA,0.386792452830189,106
PstI.TP1199997,1,3471828,0.393596540603903,NA,0.0188679245283019,106
PstI.TP1173316,9,48311669,0.393606416782543,NA,0.0660377358490566,106
PstI.TP1212372,10,6070004,0.393933144949932,NA,0.122641509433962,106
PstI.TP1255957,10,57956794,0.394286986209014,NA,0.136792452830189,106
NsiI.TP193091,1,77956626,0.394592441381288,NA,0.264150943396226,106
PstI.TP883579,2,47758114,0.395217609274416,NA,0.0188679245283019,106
PstI.TP277119,2,66298262,0.395227763139676,NA,0.0188679245283019,106
NsiI.TP471716,11,14795,0.395507356845313,NA,0.0235849056603774,106
PstI.TP712786,1,7449325,0.39554177257998,NA,0.080188679245283,106
PstI.TP887215,6,51434149,0.395971658471043,NA,0.122641509433962,106
PstI.TP807456,11,5596,0.396296528377268,NA,0.0849056603773585,106
PstI.TP1114836,3,3245214,0.397714273414323,NA,0.0990566037735849,106
PstI.TP957946,2,6015319,0.397876527292162,NA,0.457547169811321,106
PstI.TP909576,11,6352,0.397998090805401,NA,0.320754716981132,106
PstI.TP845014,11,5850,0.398340877337941,NA,0.179245283018868,106
PstI.TP647611,4,59195320,0.398773313850571,NA,0.150943396226415,106
NsiI.TP113422,10,43190461,0.400010339829225,NA,0.0660377358490566,106
NsiI.TP261169,11,12051,0.400248002232705,NA,0.0283018867924528,106
PstI.TP259912,3,62235611,0.400368305214835,NA,0.141509433962264,106
PstI.TP622431,7,60027444,0.400869639564969,NA,0.19811320754717,106
PstI.TP969794,2,67990747,0.401065947357105,NA,0.0283018867924528,106
NsiI.TP495411,11,15163,0.401156793408674,NA,0.127358490566038,106
PstI.TP1048145,11,7277,0.401357117961814,NA,0.0330188679245283,106
PstI.TP306737,3,71220834,0.401455502133062,NA,0.0849056603773585,106
NsiI.TP704428,10,47749877,0.401521833363643,NA,0.254716981132076,106
PstI.TP743016,3,63741878,0.401668207803103,NA,0.363207547169811,106
PstI.TP1277784,3,3752097,0.401883376888795,NA,0.122641509433962,106
PstI.TP913067,7,37614298,0.402061644087413,NA,0.0377358490566038,106
PstI.TP258827,3,6794341,0.402081275151168,NA,0.14622641509434,106
PstI.TP783959,11,5411,0.402178294161674,NA,0.0707547169811321,106
NsiI.TP472465,11,14812,0.402272417727388,NA,0.278301886792453,106
PstI.TP225656,11,1851,0.402355688854678,NA,0.0188679245283019,106
PstI.TP810140,2,59709495,0.402551734519521,NA,0.0613207547169811,106
PstI.TP1251654,4,66716644,0.403001546545656,NA,0.0518867924528302,106
PstI.TP1158983,11,8136,0.403033375547284,NA,0.0943396226415094,106
PstI.TP140856,4,4704020,0.403342944964108,NA,0.287735849056604,106
NsiI.TP520596,1,71567399,0.403440528834219,NA,0.382075471698113,106
PstI.TP270940,5,68495452,0.403485659074874,NA,0.372641509433962,106
PstI.TP1223191,4,68054674,0.403941274112455,NA,0.0660377358490566,106
PstI.TP770341,11,5320,0.403967419187973,NA,0.0849056603773585,106
PstI.TP176663,10,1133877,0.404009626606009,NA,0.0235849056603774,106
PstI.TP875232,4,1379976,0.404506355537764,NA,0.0471698113207547,106
PstI.TP330321,6,48212587,0.404611100964521,NA,0.19811320754717,106
PstI.TP91283,9,57061948,0.404864750728074,NA,0.339622641509434,106
PstI.TP1199192,1,17514476,0.404995400923099,NA,0.363207547169811,106
NsiI.TP216159,10,6514871,0.405027484134559,NA,0.0141509433962264,106
NsiI.TP165213,4,51172928,0.405126160352547,NA,0.10377358490566,106
PstI.TP949988,6,50576836,0.405137106461954,NA,0.0849056603773585,106
NsiI.TP608142,11,16637,0.405732502259926,NA,0.0518867924528302,106
PstI.TP332939,5,61681179,0.406078521781454,NA,0.306603773584906,106
PstI.TP731228,3,66513421,0.406514913047562,NA,0.0141509433962265,106
NsiI.TP150799,10,4922940,0.407543291719724,NA,0.169811320754717,106
NsiI.TP216369,11,11546,0.407585647873057,NA,0.0188679245283019,106
NsiI.TP643912,11,17107,0.407737624267665,NA,0.0471698113207547,106
PstI.TP1263302,2,71707680,0.407945413273474,NA,0.0330188679245284,106
PstI.TP1009563,10,56175139,0.408043202032291,NA,0.0377358490566038,106
PstI.TP342506,5,15673619,0.408911455553299,NA,0.0801886792452831,106
NsiI.TP816685,4,67966873,0.408941029914726,NA,0.0377358490566038,106
PstI.TP721355,4,64776340,0.408978114591863,NA,0.0235849056603774,106
PstI.TP882172,11,6160,0.409110663351096,NA,0.0188679245283019,106
PstI.TP314157,11,2482,0.409397667254058,NA,0.19811320754717,106
PstI.TP507422,8,44877842,0.409596401949711,NA,0.0188679245283019,106
PstI.TP249196,8,60970122,0.409656149275693,NA,0.0707547169811321,106
PstI.TP875497,1,17132096,0.409734023869259,NA,0.0188679245283019,106
PstI.TP896979,1,28970255,0.409795858978348,NA,0.495283018867924,106
PstI.TP1263163,9,8556161,0.410125772149511,NA,0.113207547169811,106
PstI.TP1076182,6,47618418,0.410397317099876,NA,0.0943396226415094,106
PstI.TP921956,4,61812706,0.410399483987529,NA,0.0188679245283019,106
PstI.TP605612,5,64299274,0.410684276303077,NA,0.080188679245283,106
PstI.TP640318,3,66580470,0.410993999983728,NA,0.0141509433962265,106
PstI.TP609001,3,50049992,0.411213221757419,NA,0.0707547169811321,106
NsiI.TP763242,2,58287902,0.411564549196846,NA,0.0424528301886792,106
PstI.TP753660,4,67859176,0.411763999912836,NA,0.0566037735849056,106
NsiI.TP217838,3,3586934,0.412117657443102,NA,0.0518867924528302,106
PstI.TP937647,11,6560,0.412309904130121,NA,0.0943396226415094,106
NsiI.TP680155,11,17507,0.412803171383261,NA,0.0377358490566038,106
PstI.TP402429,1,4990016,0.412899785101089,NA,0.0660377358490566,106
PstI.TP421127,4,57085377,0.413134666210096,NA,0.0566037735849056,106
PstI.TP905212,6,57657570,0.413351890432525,NA,0.089622641509434,106
PstI.TP229546,2,74208278,0.413831582307692,NA,0.0518867924528302,106
PstI.TP475191,9,53225889,0.413887599584369,NA,0.0377358490566038,106
PstI.TP116123,1,5967108,0.41407627818815,NA,0.0613207547169811,106
PstI.TP1220698,11,8596,0.414229033830092,NA,0.0235849056603774,106
NsiI.TP473260,11,14828,0.414294883410879,NA,0.188679245283019,106
PstI.TP516626,11,3890,0.414686894210843,NA,0.216981132075472,106
PstI.TP632675,11,4443,0.414853868318226,NA,0.122641509433962,106
NsiI.TP764967,11,18545,0.415159912276701,NA,0.311320754716981,106
PstI.TP510044,1,31327463,0.415233488577709,NA,0.415094339622642,106
NsiI.TP352765,1,76099839,0.4155730985984,NA,0.0424528301886793,106
PstI.TP722093,9,3026606,0.4156200319143,NA,0.0330188679245284,106
PstI.TP1246489,3,6130583,0.415626178524424,NA,0.0377358490566038,106
NsiI.TP674265,3,67081454,0.416097939313791,NA,0.452830188679245,106
PstI.TP476886,2,55394288,0.416285361036974,NA,0.216981132075472,106
NsiI.TP503513,11,15291,0.416305805868007,NA,0.231132075471698,106
PstI.TP923633,3,56983174,0.416475951974649,NA,0.311320754716981,106
NsiI.TP408204,9,46327607,0.416723400116419,NA,0.0471698113207547,106
PstI.TP875252,6,59755110,0.417366608457079,NA,0.254716981132076,106
PstI.TP202899,6,6077089,0.417590751540826,NA,0.0424528301886792,106
PstI.TP433397,11,3321,0.417996997943444,NA,0.334905660377358,106
NsiI.TP213158,2,67720379,0.41800984352906,NA,0.287735849056604,106
PstI.TP667600,4,39529579,0.418013657578317,NA,0.311320754716981,106
PstI.TP433234,11,3320,0.418033923995718,NA,0.169811320754717,106
PstI.TP1029642,11,7158,0.418194404472889,NA,0.0613207547169811,106
PstI.TP1085601,1,2820903,0.418350208983819,NA,0.0518867924528302,106
NsiI.TP559086,1,77166683,0.418352101458497,NA,0.169811320754717,106
PstI.TP817265,11,5656,0.418443240819394,NA,0.0566037735849056,106
PstI.TP1174311,1,9559149,0.418447490487289,NA,0.202830188679245,106
NsiI.TP611047,1,185165,0.418461251014518,NA,0.0471698113207547,106
NsiI.TP635032,8,3980154,0.418896749178023,NA,0.0566037735849057,106
NsiI.TP421785,1,78510321,0.418932546604869,NA,0.0330188679245284,106
NsiI.TP29246,11,9446,0.419142906475353,NA,0.108490566037736,106
PstI.TP1044398,10,57687904,0.419200372248496,NA,0.0283018867924528,106
NsiI.TP615501,6,1436061,0.419300418548582,NA,0.089622641509434,106
PstI.TP693592,9,57832644,0.419477032878927,NA,0.212264150943396,106
PstI.TP550784,1,9140137,0.419556107629681,NA,0.0377358490566038,106
NsiI.TP819468,10,18283573,0.419560453540968,NA,0.0424528301886793,106
PstI.TP603122,1,70276636,0.419877796253394,NA,0.0141509433962265,106
PstI.TP90991,9,51173645,0.41995391046998,NA,0.089622641509434,106
NsiI.TP634743,4,50670050,0.42003469743773,NA,0.136792452830189,106
PstI.TP614866,1,7824409,0.420230103508538,NA,0.0330188679245284,106
PstI.TP263305,1,75579096,0.420256690017393,NA,0.0424528301886793,106
NsiI.TP402503,7,2347078,0.42066035936452,NA,0.169811320754717,106
PstI.TP709334,3,66159458,0.420902667891155,NA,0.165094339622642,106
NsiI.TP224257,3,67274437,0.420941106090103,NA,0.0849056603773585,106
PstI.TP398337,11,3106,0.421106827357111,NA,0.0377358490566038,106
PstI.TP691242,2,71491341,0.421308597238311,NA,0.113207547169811,106
NsiI.TP577131,7,61216038,0.421365462828384,NA,0.165094339622642,106
NsiI.TP131057,10,2772083,0.421762036014737,NA,0.122641509433962,106
PstI.TP752706,6,40067328,0.421846549549923,NA,0.0188679245283019,106
PstI.TP941904,11,6590,0.421897421354846,NA,0.410377358490566,106
NsiI.TP620135,3,16826264,0.422033150948513,NA,0.0188679245283019,106
PstI.TP868312,7,61529395,0.422390780041507,NA,0.0424528301886792,106
PstI.TP863565,3,60804522,0.422707245889986,NA,0.0424528301886793,106
PstI.TP1148487,4,48397503,0.422931877984905,NA,0.0754716981132075,106
PstI.TP1068412,11,7438,0.423080820514308,NA,0.136792452830189,106
PstI.TP481651,2,74433538,0.42328765042421,NA,0.0754716981132075,106
NsiI.TP310382,6,47272723,0.423397241848212,NA,0.0188679245283019,106
PstI.TP530571,3,45538893,0.423631230417602,NA,0.0188679245283019,106
PstI.TP106636,3,63699645,0.424107399020729,NA,0.0141509433962265,106
NsiI.TP156251,11,10849,0.424180510208463,NA,0.127358490566038,106
PstI.TP1140972,3,3019093,0.424283182607214,NA,0.25,106
NsiI.TP800074,1,6979429,0.425029268015307,NA,0.0377358490566038,106
NsiI.TP437479,7,15545472,0.42514541999432,NA,0.0613207547169812,106
PstI.TP631928,11,4437,0.425589311376553,NA,0.226415094339623,106
PstI.TP141081,4,61449187,0.426104351526652,NA,0.0330188679245284,106
PstI.TP1064534,3,1870807,0.42617217574729,NA,0.0754716981132075,106
PstI.TP813144,4,9651032,0.426418018593324,NA,0.0518867924528302,106
PstI.TP354335,3,50899095,0.426689101749563,NA,0.0188679245283019,106
PstI.TP1108598,7,62058332,0.427126938621365,NA,0.0377358490566038,106
PstI.TP273553,5,52197136,0.427419519662202,NA,0.113207547169811,106
PstI.TP222101,8,6724752,0.42761755447214,NA,0.0660377358490566,106
PstI.TP833275,1,77225365,0.427689094400679,NA,0.0566037735849057,106
NsiI.TP167249,6,52723638,0.427707408429755,NA,0.0471698113207547,106
NsiI.TP361622,1,69534233,0.427845580561161,NA,0.0235849056603774,106
PstI.TP1224154,11,8626,0.4278662096984,NA,0.0754716981132075,106
PstI.TP451853,11,3460,0.42787340879724,NA,0.259433962264151,106
PstI.TP1259171,1,79892318,0.428277033011934,NA,0.14622641509434,106
PstI.TP543908,7,1085483,0.428392158326096,NA,0.0141509433962265,106
PstI.TP72814,5,3830199,0.428465048003728,NA,0.0566037735849056,106
PstI.TP1106834,4,62465168,0.428902834725643,NA,0.457547169811321,106
NsiI.TP422610,11,13855,0.428931304577987,NA,0.216981132075472,106
PstI.TP88536,11,742,0.429114258119342,NA,0.0283018867924528,106
NsiI.TP523183,11,15587,0.429167276086571,NA,0.160377358490566,106
NsiI.TP331241,11,12790,0.429243095542328,NA,0.0377358490566038,106
PstI.TP1183491,11,8353,0.42944513852218,NA,0.080188679245283,106
PstI.TP1007241,5,250902,0.429664997378569,NA,0.0518867924528302,106
PstI.TP372461,5,69064710,0.429885191294046,NA,0.141509433962264,106
PstI.TP120320,11,1001,0.430013471095949,NA,0.339622641509434,106
PstI.TP1128508,9,5550157,0.430158196226882,NA,0.080188679245283,106
PstI.TP1216947,11,8569,0.430739380419292,NA,0.080188679245283,106
PstI.TP998988,3,59275358,0.431115142782286,NA,0.0330188679245283,106
PstI.TP750514,2,62972310,0.4311215791953,NA,0.231132075471698,106
NsiI.TP815402,9,55446804,0.43122904192322,NA,0.226415094339623,106
PstI.TP204888,11,1673,0.431291132924477,NA,0.278301886792453,106
PstI.TP343293,10,19939931,0.431424780310295,NA,0.14622641509434,106
PstI.TP787829,9,41932983,0.431493057765749,NA,0.0188679245283019,106
PstI.TP31070,1,30825121,0.431505817969187,NA,0.0235849056603774,106
NsiI.TP394538,3,62312606,0.431862107720885,NA,0.0188679245283019,106
NsiI.TP485609,11,14983,0.433003336461313,NA,0.165094339622642,106
NsiI.TP94007,1,60313546,0.433394134755186,NA,0.0235849056603774,106
PstI.TP522635,11,3904,0.433412887539162,NA,0.221698113207547,106
PstI.TP108989,1,2588793,0.433515880474551,NA,0.0424528301886792,106
PstI.TP805461,1,71344044,0.433657629354034,NA,0.410377358490566,106
PstI.TP213688,4,57521992,0.433773174227239,NA,0.0471698113207547,106
NsiI.TP258528,11,12031,0.43420936997282,NA,0.325471698113208,106
PstI.TP170658,4,45392020,0.43426724357935,NA,0.136792452830189,106
PstI.TP1098610,1,14727981,0.434495417008135,NA,0.113207547169811,106
NsiI.TP688484,2,70530734,0.434596274582054,NA,0.0330188679245283,106
PstI.TP1207347,1,72663921,0.434700208389271,NA,0.216981132075472,106
PstI.TP1256120,3,48694888,0.434781251626834,NA,0.089622641509434,106
NsiI.TP64861,7,63229109,0.434989130107449,NA,0.0660377358490566,106
PstI.TP264541,4,51454302,0.435228305203554,NA,0.490566037735849,106
PstI.TP1184713,9,8036705,0.435327105103301,NA,0.429245283018868,106
NsiI.TP499343,1,64103746,0.435387141551233,NA,0.0188679245283019,106
NsiI.TP48850,5,3566666,0.435441461280099,NA,0.207547169811321,106
PstI.TP543309,1,77166071,0.435470766629171,NA,0.0235849056603774,106
NsiI.TP431930,11,14072,0.435747520744351,NA,0.0518867924528302,106
PstI.TP316648,9,55957859,0.436264126676965,NA,0.155660377358491,106
PstI.TP442578,11,3386,0.436532034585642,NA,0.0188679245283019,106
PstI.TP773869,2,66744137,0.436536786844152,NA,0.283018867924528,106
PstI.TP379265,11,2966,0.437064104481215,NA,0.0188679245283019,106
NsiI.TP63305,11,9874,0.437196544849914,NA,0.0330188679245283,106
NsiI.TP194993,3,62870591,0.437310921011508,NA,0.0471698113207547,106
NsiI.TP113145,10,2711069,0.437323118021469,NA,0.0518867924528302,106
PstI.TP404112,4,61296221,0.437444964587669,NA,0.0518867924528302,106
NsiI.TP28119,11,9435,0.437900962851393,NA,0.377358490566038,106
PstI.TP441536,1,2816855,0.438214447703177,NA,0.382075471698113,106
PstI.TP237881,11,1949,0.438456155799079,NA,0.113207547169811,106
PstI.TP387372,2,18542714,0.438745999186196,NA,0.19811320754717,106
PstI.TP125339,8,10914403,0.438894447262933,NA,0.0283018867924528,106
PstI.TP1040911,9,57488127,0.43919021703426,NA,0.0283018867924528,106
PstI.TP60703,3,18784626,0.43921293775018,NA,0.141509433962264,106
PstI.TP846064,10,19421525,0.439386256859331,NA,0.0754716981132075,106
PstI.TP590182,1,71928782,0.439544641511251,NA,0.0707547169811321,106
NsiI.TP241228,3,9570669,0.439890579236793,NA,0.0235849056603774,106
PstI.TP991542,11,6885,0.440414019445844,NA,0.0188679245283019,106
PstI.TP424478,11,3280,0.440916365970754,NA,0.0283018867924528,106
PstI.TP754866,1,69204551,0.441358405398681,NA,0.476415094339623,106
PstI.TP1110165,1,20001173,0.441596873256113,NA,0.0141509433962264,106
PstI.TP969397,6,60888114,0.441660653719248,NA,0.0849056603773585,106
PstI.TP410927,11,3181,0.441715019563929,NA,0.0471698113207547,106
NsiI.TP201278,9,53141700,0.441832279210085,NA,0.136792452830189,106
PstI.TP379031,3,68701578,0.442214429409782,NA,0.415094339622642,106
NsiI.TP285119,3,67157192,0.442244314382254,NA,0.344339622641509,106
PstI.TP535662,6,59819342,0.442867489451711,NA,0.0141509433962265,106
PstI.TP300300,11,2369,0.443735284549245,NA,0.0801886792452831,106
PstI.TP805017,6,44960916,0.443760047203026,NA,0.080188679245283,106
PstI.TP1208174,5,650322,0.443855289333309,NA,0.0235849056603774,106
PstI.TP855651,4,10722059,0.444328883379633,NA,0.089622641509434,106
PstI.TP510424,10,7091437,0.444395051722343,NA,0.113207547169811,106
NsiI.TP615624,1,65289533,0.444839623108235,NA,0.19811320754717,106
PstI.TP743824,4,68341653,0.445483595232423,NA,0.0849056603773585,106
PstI.TP433372,7,840822,0.445501046375966,NA,0.132075471698113,106
PstI.TP1263202,3,16424516,0.445647122885884,NA,0.391509433962264,106
PstI.TP264946,11,2151,0.445772579668709,NA,0.0235849056603774,106
PstI.TP622354,11,4373,0.446220588307055,NA,0.0141509433962264,106
PstI.TP815699,2,20860666,0.446892690144189,NA,0.169811320754717,106
NsiI.TP228522,10,8197919,0.446985169693451,NA,0.344339622641509,106
PstI.TP967280,2,67346302,0.447287237413269,NA,0.0849056603773585,106
NsiI.TP221891,11,11610,0.447294350699003,NA,0.462264150943396,106
PstI.TP727388,10,53174248,0.447620033813212,NA,0.0566037735849056,106
PstI.TP22664,10,60311066,0.447761264183552,NA,0.0990566037735849,106
NsiI.TP255391,3,64648824,0.447840725772099,NA,0.0943396226415094,106
NsiI.TP375218,1,7321465,0.448843568455007,NA,0.122641509433962,106
PstI.TP1267977,1,3576713,0.448951052511945,NA,0.117924528301887,106
PstI.TP415068,3,55917741,0.44922058571703,NA,0.495283018867925,106
PstI.TP780771,9,59133543,0.449695287311864,NA,0.19811320754717,106
PstI.TP158752,8,60936949,0.450243287759785,NA,0.433962264150943,106
PstI.TP864618,3,59785501,0.450260215094127,NA,0.0283018867924528,106
NsiI.TP370742,8,62258814,0.450281124032166,NA,0.349056603773585,106
PstI.TP663882,7,57555118,0.450349067322069,NA,0.127358490566038,106
PstI.TP1083079,4,55888724,0.450389468046583,NA,0.0283018867924528,106
PstI.TP244212,10,50286739,0.450601425014506,NA,0.183962264150943,106
PstI.TP807286,4,64392835,0.450692082172012,NA,0.160377358490566,106
PstI.TP951275,3,55414649,0.450932222214453,NA,0.193396226415094,106
PstI.TP1225179,6,56654494,0.450947454455318,NA,0.0707547169811321,106
PstI.TP868925,4,7967759,0.451096026221984,NA,0.132075471698113,106
NsiI.TP395093,9,12589694,0.451242432330317,NA,0.0283018867924528,106
PstI.TP884326,11,6177,0.451798411736096,NA,0.283018867924528,106
PstI.TP594696,10,7119016,0.452179806703491,NA,0.0330188679245283,106
PstI.TP1224807,5,3620091,0.452248008852116,NA,0.150943396226415,106
PstI.TP290387,9,3312855,0.452268353303491,NA,0.0141509433962265,106
PstI.TP706641,3,74303182,0.452348171775761,NA,0.0754716981132075,106
PstI.TP690744,2,58500961,0.452382499628677,NA,0.19811320754717,106
PstI.TP965825,3,63530528,0.452586107418699,NA,0.080188679245283,106
PstI.TP1020277,1,23246220,0.452780030025832,NA,0.0330188679245283,106
PstI.TP679776,11,4711,0.453304089847751,NA,0.0283018867924528,106
PstI.TP1007712,1,56295361,0.453538097160818,NA,0.174528301886792,106
PstI.TP636369,7,5813087,0.453550005774115,NA,0.0849056603773585,106
NsiI.TP475814,8,15919288,0.453632665165583,NA,0.089622641509434,106
PstI.TP236690,3,60908020,0.453714583293126,NA,0.0518867924528302,106
PstI.TP359861,6,42016593,0.453914542542901,NA,0.155660377358491,106
NsiI.TP390204,3,64892556,0.454139055948071,NA,0.0377358490566038,106
NsiI.TP521254,5,58096704,0.454399875149464,NA,0.0471698113207547,106
PstI.TP142256,11,1187,0.454524887573906,NA,0.207547169811321,106
PstI.TP724579,6,33982965,0.454715113145945,NA,0.14622641509434,106
NsiI.TP126131,9,3184582,0.456218711299117,NA,0.320754716981132,106
PstI.TP639503,1,78579633,0.456283514353103,NA,0.0188679245283019,106
PstI.TP618427,1,68135205,0.456361037840022,NA,0.14622641509434,106
PstI.TP498398,1,10010021,0.456527494690383,NA,0.089622641509434,106
PstI.TP1182033,9,14585751,0.456966682627268,NA,0.0613207547169811,106
NsiI.TP148994,4,66874533,0.457656383595345,NA,0.080188679245283,106
PstI.TP302301,3,54893826,0.457832096659865,NA,0.0235849056603774,106
PstI.TP925452,6,48400679,0.45832096211736,NA,0.117924528301887,106
PstI.TP361822,2,1673606,0.458360821852828,NA,0.0283018867924528,106
PstI.TP1133587,10,42973263,0.459219852398143,NA,0.0188679245283019,106
PstI.TP1117304,11,7839,0.459266864844774,NA,0.429245283018868,106
NsiI.TP705986,6,52282662,0.459395904646143,NA,0.0235849056603774,106
NsiI.TP444157,1,69418722,0.459687257701511,NA,0.193396226415094,106
NsiI.TP233204,9,57081211,0.459719828940924,NA,0.0330188679245283,106
NsiI.TP801125,11,18944,0.459847257180182,NA,0.113207547169811,106
PstI.TP234053,11,1921,0.459892394769797,NA,0.0849056603773585,106
PstI.TP21552,1,26847368,0.460251258364467,NA,0.0141509433962265,106
PstI.TP774963,6,1911989,0.460350084837062,NA,0.174528301886792,106
PstI.TP303248,11,2396,0.460544427271022,NA,0.207547169811321,106
NsiI.TP802651,1,754114,0.4605685762119,NA,0.0613207547169812,106
NsiI.TP508238,2,61419445,0.460796236344738,NA,0.0660377358490566,106
PstI.TP889563,11,6217,0.461123519043391,NA,0.0188679245283019,106
NsiI.TP388426,3,311330,0.461364749349445,NA,0.264150943396226,106
PstI.TP835929,10,3862305,0.46170364504387,NA,0.0283018867924528,106
PstI.TP988157,6,48368305,0.46205547758081,NA,0.122641509433962,106
PstI.TP1208950,3,8740326,0.462406097927883,NA,0.0188679245283019,106
PstI.TP609012,6,57199915,0.462772000653504,NA,0.0377358490566038,106
PstI.TP347863,11,2739,0.46287907861515,NA,0.0188679245283019,106
PstI.TP80826,2,10542416,0.462919579709801,NA,0.358490566037736,106
PstI.TP58391,7,64850518,0.46295160099712,NA,0.10377358490566,106
NsiI.TP588396,2,65356142,0.463223479853578,NA,0.0283018867924528,106
NsiI.TP179386,10,3314649,0.463785497175216,NA,0.0188679245283019,106
PstI.TP28954,3,57848808,0.464271763139233,NA,0.240566037735849,106
PstI.TP1136661,1,6752030,0.464331843949244,NA,0.0283018867924528,106
PstI.TP898033,11,6259,0.464409953813826,NA,0.0377358490566038,106
PstI.TP646559,8,62211239,0.464977549871568,NA,0.155660377358491,106
PstI.TP1040444,1,61649660,0.46499541213448,NA,0.0377358490566038,106
PstI.TP553319,1,77643893,0.465109058912178,NA,0.240566037735849,106
PstI.TP140451,1,4460094,0.465140597662953,NA,0.207547169811321,106
PstI.TP689316,4,64420154,0.465786506563823,NA,0.0707547169811321,106
PstI.TP521834,4,53924496,0.466004698138203,NA,0.0707547169811321,106
PstI.TP71331,4,16297873,0.466219435244675,NA,0.10377358490566,106
PstI.TP967103,7,57294054,0.466253249924146,NA,0.19811320754717,106
PstI.TP934024,11,6539,0.466634639983933,NA,0.183962264150943,106
PstI.TP845769,4,2010929,0.466665331035333,NA,0.0518867924528302,106
PstI.TP152556,2,67340962,0.467373328659369,NA,0.0141509433962265,106
PstI.TP382139,4,11514958,0.467406955904517,NA,0.415094339622642,106
PstI.TP831876,8,15839243,0.467520688989144,NA,0.264150943396226,106
NsiI.TP258606,1,15160092,0.467945210223335,NA,0.14622641509434,106
NsiI.TP275833,4,66037289,0.467998884088371,NA,0.10377358490566,106
PstI.TP133948,4,3870704,0.46830484390561,NA,0.438679245283019,106
NsiI.TP642960,3,68906982,0.468403243899043,NA,0.0377358490566038,106
PstI.TP197872,6,60334759,0.468627672837829,NA,0.0471698113207547,106
PstI.TP839848,4,11496748,0.468670905584258,NA,0.259433962264151,106
PstI.TP398580,3,6360865,0.468739156222939,NA,0.0188679245283019,106
NsiI.TP266544,10,57183595,0.469198331771597,NA,0.240566037735849,106
PstI.TP360583,2,76751283,0.469265836179375,NA,0.108490566037736,106
PstI.TP1163628,11,8179,0.469352266018309,NA,0.0141509433962264,106
PstI.TP122157,1,50223254,0.469468586916662,NA,0.0235849056603774,106
NsiI.TP153175,11,10826,0.470127207497528,NA,0.0424528301886793,106
PstI.TP773311,1,71563448,0.470159437963557,NA,0.0471698113207547,106
PstI.TP295985,4,9739196,0.470169617473749,NA,0.0141509433962264,106
PstI.TP843092,5,14746414,0.47091866178359,NA,0.0188679245283019,106
NsiI.TP402599,6,59824065,0.471355465864751,NA,0.136792452830189,106
PstI.TP449117,2,63692942,0.471494585113209,NA,0.433962264150943,106
PstI.TP7735,4,10191482,0.471642300621121,NA,0.141509433962264,106
NsiI.TP739070,9,4438373,0.472074341484085,NA,0.122641509433962,106
PstI.TP1107212,3,326411,0.472316952395319,NA,0.30188679245283,106
PstI.TP208551,11,1702,0.472474662380249,NA,0.235849056603774,106
PstI.TP1026778,1,69284392,0.472748834472044,NA,0.0188679245283019,106
PstI.TP920636,1,4777048,0.472851973895298,NA,0.10377358490566,106
NsiI.TP530248,11,15687,0.473136630749324,NA,0.216981132075472,106
PstI.TP1121003,2,62934564,0.473204968732074,NA,0.0707547169811321,106
PstI.TP1030217,3,1141809,0.473214862931017,NA,0.174528301886792,106
NsiI.TP402781,11,13547,0.473319357706482,NA,0.0943396226415094,106
PstI.TP1121282,10,58066144,0.473521388676086,NA,0.0235849056603774,106
PstI.TP724829,3,67406291,0.47390420980992,NA,0.113207547169811,106
PstI.TP1223336,11,8620,0.474128451448539,NA,0.0424528301886793,106
PstI.TP54880,8,1461814,0.474213771928944,NA,0.0801886792452831,106
PstI.TP182896,9,50513017,0.474390360429797,NA,0.0188679245283019,106
PstI.TP851166,1,21305923,0.474434427269017,NA,0.0566037735849056,106
PstI.TP379973,11,2974,0.474588302438155,NA,0.0990566037735849,106
PstI.TP549992,1,70753172,0.474812776335308,NA,0.0235849056603774,106
PstI.TP120265,1,9929566,0.475144024122863,NA,0.0660377358490566,106
PstI.TP160013,6,1913467,0.47520638593444,NA,0.216981132075472,106
PstI.TP1032632,1,74402757,0.475302709564333,NA,0.0141509433962264,106
PstI.TP605734,4,16501301,0.475348531001672,NA,0.207547169811321,106
PstI.TP488970,7,59514670,0.475796539688026,NA,0.0518867924528302,106
PstI.TP665437,1,54999161,0.475901239853753,NA,0.0141509433962265,106
PstI.TP356253,8,3819223,0.476062737696258,NA,0.108490566037736,106
PstI.TP1285,9,51564139,0.476365585501359,NA,0.0471698113207547,106
PstI.TP1221179,1,78509132,0.476570096542552,NA,0.0707547169811321,106
PstI.TP248887,11,2021,0.476715247566061,NA,0.136792452830189,106
NsiI.TP144859,7,59278722,0.476925452400435,NA,0.0377358490566038,106
NsiI.TP401641,5,67269122,0.477000125526279,NA,0.0471698113207547,106
PstI.TP593877,9,55077360,0.477002667251876,NA,0.0188679245283019,106
PstI.TP1060579,7,28563180,0.477011746471452,NA,0.0188679245283019,106
PstI.TP904714,9,1730741,0.477180937543395,NA,0.235849056603774,106
NsiI.TP364137,6,56610072,0.477499035758632,NA,0.0330188679245283,106
NsiI.TP615647,2,68626980,0.477647678821542,NA,0.429245283018868,106
PstI.TP1032333,3,3528771,0.477780470132698,NA,0.0990566037735849,106
NsiI.TP632088,11,16982,0.478120880077459,NA,0.0283018867924528,106
PstI.TP107349,4,58096875,0.47867440366033,NA,0.0141509433962264,106
PstI.TP503391,2,73095782,0.478825430888821,NA,0.320754716981132,106
PstI.TP526711,9,57410674,0.479032274348352,NA,0.150943396226415,106
PstI.TP826117,11,5712,0.479072821067939,NA,0.0141509433962265,106
NsiI.TP111392,2,71036593,0.479081400522437,NA,0.183962264150943,106
PstI.TP356415,3,15356034,0.479125821445188,NA,0.14622641509434,106
PstI.TP228545,2,63881407,0.479154683241434,NA,0.330188679245283,106
NsiI.TP458763,3,8481480,0.479285197700913,NA,0.363207547169811,106
PstI.TP207910,11,1698,0.479328949707174,NA,0.386792452830189,106
PstI.TP5324,10,2342904,0.479423647083472,NA,0.0141509433962264,106
PstI.TP672785,1,13856592,0.479796014787598,NA,0.0377358490566038,106
PstI.TP1129300,4,64425706,0.479980337742227,NA,0.132075471698113,106
NsiI.TP751924,2,67349192,0.480192823476398,NA,0.382075471698113,106
PstI.TP781872,9,51135280,0.480219312276011,NA,0.0613207547169812,106
PstI.TP827144,3,65732872,0.480244850737044,NA,0.113207547169811,106
PstI.TP837802,1,78565577,0.48069894690284,NA,0.113207547169811,106
PstI.TP897101,11,6253,0.480724722685739,NA,0.0754716981132075,106
PstI.TP525202,1,2884119,0.481396817755839,NA,0.0707547169811321,106
PstI.TP81008,11,677,0.481502095761005,NA,0.415094339622642,106
PstI.TP278923,10,21876858,0.482003968116703,NA,0.0424528301886792,106
PstI.TP107665,4,68430765,0.482026788612341,NA,0.0141509433962265,106
NsiI.TP270508,5,36765256,0.482544922977006,NA,0.0424528301886792,106
NsiI.TP143717,11,10700,0.482664690236153,NA,0.141509433962264,106
PstI.TP991232,2,64423119,0.482827419149748,NA,0.0566037735849056,106
NsiI.TP18199,3,61934242,0.483302929827931,NA,0.165094339622642,106
NsiI.TP432315,1,7822652,0.483768368015193,NA,0.466981132075472,106
NsiI.TP503770,4,59512647,0.483878756793742,NA,0.452830188679245,106
PstI.TP1255073,1,56318472,0.484068943142108,NA,0.0471698113207547,106
PstI.TP125282,11,1046,0.485040803138503,NA,0.0141509433962265,106
PstI.TP388433,2,63692898,0.485112677983266,NA,0.495283018867924,106
NsiI.TP348632,7,56779391,0.485274928459306,NA,0.0377358490566038,106
PstI.TP7632,10,57163611,0.485477920369868,NA,0.0377358490566038,106
PstI.TP1169636,11,8220,0.48554034030148,NA,0.0424528301886792,106
NsiI.TP679867,3,57897228,0.485813329053597,NA,0.0235849056603774,106
PstI.TP643059,11,4521,0.486071771150948,NA,0.0188679245283019,106
PstI.TP395597,3,54899385,0.486208104636833,NA,0.0283018867924528,106
NsiI.TP334029,6,38616479,0.486369157504122,NA,0.0283018867924528,106
PstI.TP745827,1,9270379,0.486632790926558,NA,0.0849056603773585,106
PstI.TP875578,4,55697620,0.487485419862651,NA,0.424528301886792,106
PstI.TP261824,1,50142562,0.487533691767971,NA,0.0330188679245284,106
PstI.TP77625,9,53718156,0.487568476731483,NA,0.127358490566038,106
PstI.TP121274,6,46658492,0.48766251545721,NA,0.0141509433962265,106
PstI.TP118367,11,977,0.487843922312619,NA,0.226415094339623,106
NsiI.TP727162,5,15122057,0.487880634439179,NA,0.160377358490566,106
PstI.TP991419,6,50741907,0.487886553407785,NA,0.0235849056603774,106
PstI.TP1049590,11,7287,0.487947170418048,NA,0.0141509433962264,106
PstI.TP256348,11,2093,0.488315795882997,NA,0.0943396226415094,106
PstI.TP480160,6,51153057,0.48833717666067,NA,0.292452830188679,106
PstI.TP1064081,3,9621573,0.488469645437662,NA,0.141509433962264,106
PstI.TP932567,9,9361407,0.488804819678675,NA,0.0660377358490566,106
PstI.TP777320,4,3534524,0.488835168637859,NA,0.0330188679245284,106
PstI.TP541336,3,50804241,0.489005586761033,NA,0.122641509433962,106
PstI.TP1134201,9,49341921,0.489008789377486,NA,0.0235849056603774,106
PstI.TP103614,8,56666806,0.489014913279135,NA,0.0471698113207547,106
PstI.TP814593,7,58562479,0.489111618102461,NA,0.344339622641509,106
PstI.TP77067,1,79664579,0.489198884591596,NA,0.0518867924528302,106
NsiI.TP819777,1,14025316,0.489220533973264,NA,0.174528301886792,106
PstI.TP478966,1,78077218,0.489222551317991,NA,0.0188679245283019,106
PstI.TP195819,7,56569496,0.489632060457919,NA,0.193396226415094,106
NsiI.TP572123,7,64064587,0.490117841269395,NA,0.0754716981132075,106
PstI.TP283576,7,9134542,0.490140851229506,NA,0.0283018867924528,106
PstI.TP160672,1,55685308,0.490163025494689,NA,0.452830188679245,106
NsiI.TP162258,1,78726606,0.490691868507232,NA,0.0566037735849057,106
NsiI.TP353127,8,4560146,0.490983583600706,NA,0.127358490566038,106
PstI.TP1033004,11,7177,0.491056989228043,NA,0.0283018867924528,106
PstI.TP1112566,8,6218537,0.491335192077248,NA,0.141509433962264,106
PstI.TP299726,9,2970040,0.49146321280976,NA,0.0660377358490566,106
PstI.TP265375,1,21509659,0.491523649055971,NA,0.14622641509434,106
NsiI.TP146026,10,42012400,0.491562015217619,NA,0.0660377358490566,106
PstI.TP9547,1,5534818,0.491675883829299,NA,0.311320754716981,106
PstI.TP989477,2,124717,0.491822685386579,NA,0.0330188679245284,106
PstI.TP136422,3,60253262,0.492260182460675,NA,0.0943396226415094,106
NsiI.TP145721,3,70764680,0.492639062550341,NA,0.0141509433962264,106
PstI.TP890977,1,20013575,0.492739736238684,NA,0.188679245283019,106
PstI.TP761935,1,22258955,0.492955537922091,NA,0.0283018867924528,106
NsiI.TP234353,7,56772484,0.492977977411746,NA,0.160377358490566,106
PstI.TP401102,1,12714512,0.493315846132966,NA,0.0660377358490566,106
NsiI.TP362113,11,13122,0.493350920103315,NA,0.0141509433962265,106
PstI.TP820370,1,68065605,0.493691570266247,NA,0.0330188679245283,106
NsiI.TP509280,1,58994548,0.494000612705184,NA,0.169811320754717,106
PstI.TP115189,2,41366046,0.494070915280825,NA,0.283018867924528,106
PstI.TP794569,2,3715278,0.494278423869065,NA,0.0660377358490566,106
PstI.TP948061,11,6623,0.494436909960121,NA,0.0471698113207547,106
PstI.TP18322,3,8476007,0.494736276465778,NA,0.0235849056603774,106
PstI.TP271714,1,262844,0.495091020508701,NA,0.0754716981132075,106
PstI.TP811157,11,5621,0.495140399442289,NA,0.0377358490566038,106
PstI.TP190927,3,3236781,0.495190900567516,NA,0.165094339622642,106
PstI.TP1281337,4,63140625,0.495569351858513,NA,0.306603773584906,106
PstI.TP1281534,11,9033,0.495591736853589,NA,0.240566037735849,106
PstI.TP1205408,1,70741243,0.495794402384844,NA,0.495283018867925,106
PstI.TP1217016,3,11532831,0.495885784046528,NA,0.344339622641509,106
PstI.TP320710,10,54501313,0.496279848487825,NA,0.136792452830189,106
PstI.TP364953,11,2884,0.496424054683539,NA,0.0188679245283019,106
PstI.TP750772,10,23214478,0.496502529319945,NA,0.0188679245283019,106
PstI.TP552676,11,4085,0.496505665576256,NA,0.0943396226415094,106
PstI.TP949022,11,6628,0.497311426786638,NA,0.0283018867924528,106
PstI.TP14467,10,3103147,0.49745881468192,NA,0.466981132075472,106
PstI.TP678449,3,6895124,0.497465892573954,NA,0.0566037735849056,106
PstI.TP506830,4,5166890,0.497600850804879,NA,0.400943396226415,106
PstI.TP35356,11,291,0.498082141303378,NA,0.0471698113207547,106
PstI.TP198890,1,21626192,0.498233755594885,NA,0.165094339622642,106
PstI.TP353803,1,78947488,0.498403878430403,NA,0.283018867924528,106
PstI.TP724567,11,5004,0.49856869552141,NA,0.311320754716981,106
PstI.TP589466,11,4216,0.498714568462701,NA,0.221698113207547,106
PstI.TP1110074,4,62567501,0.498981021516812,NA,0.367924528301887,106
PstI.TP901714,6,3915493,0.499304046487983,NA,0.429245283018868,106
PstI.TP1062801,2,66168895,0.499754003053883,NA,0.0141509433962265,106
PstI.TP927956,3,304752,0.499754003053883,NA,0.0141509433962264,106
PstI.TP855227,6,49887106,0.499754003053883,NA,0.0141509433962264,106
PstI.TP272889,7,63795481,0.499754003053883,NA,0.0141509433962264,106
PstI.TP1144174,11,8014,0.499754003053883,NA,0.0141509433962265,106
NsiI.TP164431,11,10939,0.499754003053883,NA,0.0141509433962264,106
PstI.TP1275363,11,8983,0.500454886605064,NA,0.080188679245283,106
PstI.TP269318,10,56276045,0.500580881805875,NA,0.221698113207547,106
PstI.TP908401,4,47909121,0.500592384394434,NA,0.122641509433962,106
PstI.TP474486,1,10028947,0.500767264265472,NA,0.0660377358490566,106
PstI.TP447008,4,65767007,0.501171692552105,NA,0.0235849056603774,106
PstI.TP966312,6,54237208,0.501357092396591,NA,0.0660377358490566,106
PstI.TP306856,1,75848833,0.50151188653189,NA,0.0330188679245283,106
PstI.TP201752,11,1651,0.502214260747954,NA,0.0235849056603774,106
NsiI.TP276799,4,57812210,0.502591217534978,NA,0.127358490566038,106
NsiI.TP456517,1,71506832,0.502726540737676,NA,0.0141509433962264,106
NsiI.TP541301,9,52203210,0.503407385654699,NA,0.0471698113207547,106
PstI.TP529236,11,3948,0.503407385654699,NA,0.0471698113207547,106
PstI.TP444825,1,6930877,0.503513938655709,NA,0.0613207547169811,106
NsiI.TP436743,10,58539618,0.503564159653659,NA,0.0283018867924528,106
PstI.TP102149,11,838,0.503821037428883,NA,0.0235849056603774,106
NsiI.TP486649,1,2601704,0.503988101365204,NA,0.0471698113207547,106
PstI.TP179797,1,74986512,0.505039771753879,NA,0.0141509433962264,106
PstI.TP107255,10,1588745,0.50513017503638,NA,0.0141509433962264,106
PstI.TP988947,2,76243149,0.505638238333345,NA,0.0613207547169811,106
PstI.TP1075072,3,3875096,0.506135762423571,NA,0.0141509433962265,106
NsiI.TP505510,2,3810005,0.506632879550635,NA,0.452830188679245,106
PstI.TP266635,9,48104553,0.507029252284962,NA,0.0943396226415094,106
PstI.TP353784,1,18167193,0.507249651113071,NA,0.0613207547169811,106
PstI.TP59966,7,7754399,0.507513458316289,NA,0.0235849056603774,106
NsiI.TP555948,3,67784264,0.507614795844814,NA,0.0707547169811321,106
PstI.TP163348,6,44550868,0.508058391520213,NA,0.0707547169811321,106
NsiI.TP440766,3,5753690,0.508707185124717,NA,0.0566037735849057,106
PstI.TP1045708,1,69041513,0.509042351307523,NA,0.108490566037736,106
PstI.TP488184,1,70532632,0.509180413501499,NA,0.141509433962264,106
PstI.TP881035,8,62310101,0.510246294132842,NA,0.117924528301887,106
PstI.TP289185,9,57455890,0.510427936753312,NA,0.0990566037735849,106
PstI.TP196680,11,1602,0.511098413791498,NA,0.0849056603773585,106
PstI.TP775725,1,1175417,0.511105176440945,NA,0.0613207547169812,106
NsiI.TP70557,7,59141689,0.511595729990643,NA,0.0566037735849056,106
PstI.TP963456,11,6700,0.511602511965784,NA,0.382075471698113,106
PstI.TP135740,7,59986622,0.51164311203486,NA,0.0141509433962265,106
PstI.TP148299,4,61873463,0.512279316906552,NA,0.0707547169811321,106
PstI.TP1113615,11,7799,0.512363294954199,NA,0.0141509433962265,106
PstI.TP271772,7,57259256,0.512633794365565,NA,0.193396226415094,106
NsiI.TP482576,11,14924,0.512737746351168,NA,0.0283018867924528,106
PstI.TP361742,1,69400386,0.513111067585699,NA,0.089622641509434,106
PstI.TP373489,4,12025790,0.513308384133816,NA,0.0188679245283019,106
PstI.TP1227132,3,8500895,0.51343741323063,NA,0.0188679245283019,106
PstI.TP59482,3,72881051,0.513975034914631,NA,0.19811320754717,106
NsiI.TP670147,11,17369,0.514563235795142,NA,0.0990566037735849,106
PstI.TP287434,10,2711554,0.515501522089909,NA,0.0188679245283019,106
NsiI.TP801135,4,63162,0.51550610054756,NA,0.0471698113207547,106
NsiI.TP117619,11,10386,0.515647942316346,NA,0.0188679245283019,106
PstI.TP39923,4,59505323,0.515672614763721,NA,0.0754716981132075,106
PstI.TP988781,8,62628857,0.515677421423652,NA,0.0283018867924528,106
PstI.TP1230363,2,67341370,0.51578406059994,NA,0.0613207547169811,106
PstI.TP747067,3,4707934,0.516458700945189,NA,0.0141509433962265,106
PstI.TP1053547,10,49637118,0.517454627116198,NA,0.165094339622642,106
PstI.TP64096,10,54947050,0.517860487954883,NA,0.457547169811321,106
PstI.TP690066,11,4769,0.517883801464468,NA,0.35377358490566,106
PstI.TP1256578,11,8844,0.517884032127424,NA,0.0188679245283019,106
PstI.TP651505,10,11456346,0.518460500550858,NA,0.136792452830189,106
PstI.TP204021,1,65922833,0.518597846647035,NA,0.0141509433962265,106
PstI.TP690745,4,59576775,0.518619870717749,NA,0.0424528301886792,106
NsiI.TP700456,3,56313888,0.518891549055278,NA,0.0424528301886792,106
PstI.TP1184179,3,25531,0.519466969599865,NA,0.0330188679245283,106
PstI.TP1000389,7,44396572,0.51953953119632,NA,0.0424528301886793,106
PstI.TP480040,6,46122577,0.519700616351769,NA,0.0283018867924528,106
PstI.TP948861,2,68614882,0.519825868403413,NA,0.136792452830189,106
PstI.TP197060,1,72303333,0.520078324591455,NA,0.0471698113207547,106
NsiI.TP426468,11,13949,0.520624964418603,NA,0.39622641509434,106
PstI.TP291849,1,5571398,0.520686688591026,NA,0.165094339622642,106
PstI.TP250202,2,61270945,0.520795496252084,NA,0.316037735849057,106
PstI.TP33762,3,2698512,0.520880155759948,NA,0.0707547169811321,106
PstI.TP842838,6,60343852,0.521083114870321,NA,0.165094339622642,106
PstI.TP812943,2,61589887,0.521121980719001,NA,0.10377358490566,106
NsiI.TP482275,1,78563222,0.521290878432414,NA,0.0141509433962265,106
PstI.TP254505,6,55306841,0.521315582399124,NA,0.235849056603774,106
PstI.TP390327,11,3046,0.521850393656139,NA,0.287735849056604,106
NsiI.TP337589,4,923915,0.521951396930488,NA,0.0471698113207547,106
PstI.TP759675,10,59672253,0.522279050084875,NA,0.108490566037736,106
PstI.TP640613,8,52638446,0.522519003045151,NA,0.0235849056603774,106
PstI.TP981260,11,6804,0.522672474603714,NA,0.0754716981132075,106
NsiI.TP728788,11,18071,0.522702651462181,NA,0.0283018867924528,106
PstI.TP308882,2,70861060,0.522856374250235,NA,0.0235849056603774,106
PstI.TP1027663,11,7144,0.522907859336693,NA,0.0660377358490566,106
PstI.TP642933,6,57096182,0.523274096438483,NA,0.424528301886792,106
NsiI.TP46196,1,57778864,0.524557097452317,NA,0.0188679245283019,106
PstI.TP129544,5,68632419,0.524592074728519,NA,0.0235849056603774,106
PstI.TP1117462,6,45727155,0.524592074728519,NA,0.0235849056603774,106
NsiI.TP39895,11,9610,0.524915966764751,NA,0.25,106
PstI.TP1032405,1,62899325,0.524923474467144,NA,0.0990566037735849,106
PstI.TP343679,11,2707,0.525063482225842,NA,0.0471698113207547,106
PstI.TP82969,11,695,0.525081932472923,NA,0.080188679245283,106
PstI.TP49353,10,55083551,0.525590005382681,NA,0.259433962264151,106
PstI.TP689267,11,4765,0.525769118968284,NA,0.0943396226415094,106
PstI.TP1158265,11,8131,0.525847179200332,NA,0.245283018867925,106
PstI.TP1116491,11,7831,0.525904966532748,NA,0.202830188679245,106
NsiI.TP193365,6,50405862,0.526604761399593,NA,0.0754716981132075,106
PstI.TP50939,2,72265591,0.526695915492713,NA,0.0235849056603774,106
PstI.TP338365,11,2666,0.526771396538394,NA,0.127358490566038,106
NsiI.TP751278,9,43020633,0.527002787500479,NA,0.0660377358490566,106
NsiI.TP475230,3,18203767,0.527157795284838,NA,0.35377358490566,106
NsiI.TP264370,10,54257349,0.527496286195643,NA,0.089622641509434,106
NsiI.TP412935,11,13698,0.527505035164217,NA,0.363207547169811,106
NsiI.TP24278,1,3414839,0.528630589241943,NA,0.0377358490566038,106
PstI.TP1004443,3,66051537,0.528835457514306,NA,0.0330188679245284,106
PstI.TP798504,8,58863921,0.529171942600947,NA,0.344339622641509,106
PstI.TP134761,3,59529523,0.529395376788648,NA,0.0613207547169812,106
PstI.TP846454,7,54554537,0.529599112240174,NA,0.160377358490566,106
PstI.TP674426,2,67595892,0.529784086685422,NA,0.0471698113207547,106
PstI.TP71345,1,62705763,0.530079629555443,NA,0.297169811320755,106
PstI.TP709528,9,54335088,0.530161512699109,NA,0.466981132075472,106
PstI.TP666982,11,4643,0.530328457646979,NA,0.0566037735849057,106
NsiI.TP59381,6,54443739,0.531372070401372,NA,0.127358490566038,106
NsiI.TP38859,3,60731093,0.531408273014466,NA,0.0990566037735849,106
PstI.TP132033,2,66024864,0.531423005918528,NA,0.132075471698113,106
NsiI.TP450818,11,14474,0.531685871303222,NA,0.080188679245283,106
PstI.TP1105795,3,69521595,0.532832329751121,NA,0.0283018867924528,106
NsiI.TP255034,10,54041136,0.53345427222581,NA,0.14622641509434,106
PstI.TP1243820,6,2081667,0.533978526005152,NA,0.0141509433962264,106
PstI.TP75281,9,3177941,0.534212076780044,NA,0.207547169811321,106
PstI.TP778721,2,72456067,0.534736922312375,NA,0.0566037735849057,106
NsiI.TP578256,11,16314,0.534844961203918,NA,0.150943396226415,106
PstI.TP868849,7,52655700,0.535219254547585,NA,0.325471698113208,106
PstI.TP450294,2,72761555,0.53532322282385,NA,0.25,106
PstI.TP283944,4,58233546,0.536408718464531,NA,0.0518867924528302,106
PstI.TP114052,3,56021734,0.536678514295698,NA,0.0283018867924528,106
PstI.TP335808,10,45938674,0.53737264351786,NA,0.127358490566038,106
PstI.TP1150061,1,72347889,0.537677567558686,NA,0.0849056603773585,106
PstI.TP297382,4,4364885,0.537977487486643,NA,0.0330188679245283,106
PstI.TP65398,9,54033986,0.538122023490206,NA,0.0471698113207547,106
PstI.TP1195541,6,43320392,0.53813016586431,NA,0.150943396226415,106
NsiI.TP441983,10,47252955,0.538437479998019,NA,0.0943396226415094,106
NsiI.TP753145,11,18359,0.538636637477646,NA,0.080188679245283,106
NsiI.TP715248,4,61107311,0.538737145989765,NA,0.0424528301886792,106
PstI.TP835882,7,58925507,0.538829796766989,NA,0.179245283018868,106
PstI.TP1267260,3,273484,0.539162832545798,NA,0.0566037735849056,106
PstI.TP833589,1,64801253,0.539345587956168,NA,0.0330188679245284,106
NsiI.TP424080,8,62210912,0.539881786163812,NA,0.0424528301886792,106
PstI.TP632828,2,64238905,0.5403216530831,NA,0.0566037735849056,106
NsiI.TP317101,3,61771383,0.540473931656481,NA,0.207547169811321,106
PstI.TP609726,11,4305,0.540540449843555,NA,0.235849056603774,106
PstI.TP1065040,8,41491760,0.540669603397291,NA,0.0613207547169812,106
PstI.TP724037,10,1796215,0.540784062421465,NA,0.0613207547169812,106
PstI.TP1131578,1,68512918,0.540800981669888,NA,0.0283018867924528,106
PstI.TP889862,1,72868614,0.541203945288421,NA,0.0566037735849057,106
PstI.TP306460,5,13194806,0.541427303392641,NA,0.169811320754717,106
NsiI.TP171356,4,62601440,0.541438948329231,NA,0.0188679245283019,106
PstI.TP1263449,2,1474965,0.541559866601124,NA,0.0330188679245284,106
PstI.TP821727,3,51406610,0.541584284418101,NA,0.0801886792452831,106
PstI.TP233282,3,73735479,0.541718264159882,NA,0.0424528301886792,106
NsiI.TP532750,11,15724,0.542149914058082,NA,0.0377358490566038,106
PstI.TP809774,4,56844386,0.542739472439574,NA,0.113207547169811,106
PstI.TP1251961,9,48731998,0.543310210601601,NA,0.0235849056603774,106
PstI.TP417865,1,2030761,0.543524245847202,NA,0.367924528301887,106
NsiI.TP435268,11,14153,0.54370332165642,NA,0.132075471698113,106
PstI.TP833228,2,23342056,0.543763976521511,NA,0.0471698113207547,106
PstI.TP39747,11,327,0.543898155133927,NA,0.0943396226415094,106
PstI.TP347563,6,51192256,0.544207218454887,NA,0.311320754716981,106
PstI.TP265377,9,56178766,0.544377357166551,NA,0.0707547169811321,106
PstI.TP921434,3,71315794,0.544418105152757,NA,0.0943396226415094,106
PstI.TP921767,11,6444,0.544488579267016,NA,0.25,106
NsiI.TP312207,11,12548,0.544625203547663,NA,0.113207547169811,106
PstI.TP433676,2,75336590,0.544739096703889,NA,0.117924528301887,106
PstI.TP1046209,1,71112715,0.545158251211368,NA,0.0188679245283019,106
NsiI.TP397189,2,17997205,0.545373582613656,NA,0.141509433962264,106
PstI.TP674153,1,78459110,0.545538002437867,NA,0.113207547169811,106
PstI.TP684655,1,5379329,0.547090841266267,NA,0.367924528301887,106
PstI.TP481755,1,51889649,0.547429528980668,NA,0.0566037735849056,106
PstI.TP618070,8,39449,0.547677024603679,NA,0.150943396226415,106
NsiI.TP634824,7,55643367,0.547767420568163,NA,0.0849056603773585,106
PstI.TP76770,6,54052803,0.547810484211256,NA,0.0518867924528302,106
NsiI.TP431746,3,70764675,0.548011546321704,NA,0.0283018867924528,106
PstI.TP490849,6,48413744,0.548383840399044,NA,0.0330188679245284,106
NsiI.TP796534,1,1682668,0.548796395466427,NA,0.0235849056603774,106
PstI.TP1012416,2,59610846,0.548920624089336,NA,0.344339622641509,106
NsiI.TP800848,3,59007084,0.549324477609676,NA,0.132075471698113,106
PstI.TP4803,1,78818384,0.549376574286336,NA,0.0141509433962265,106
NsiI.TP579782,3,63115213,0.549376574286336,NA,0.0141509433962264,106
PstI.TP966300,1,78332944,0.549730729530188,NA,0.0424528301886793,106
PstI.TP220192,7,42063325,0.549889076660664,NA,0.273584905660377,106
PstI.TP104721,6,51870344,0.549916234422031,NA,0.14622641509434,106
NsiI.TP125826,11,10513,0.549988860721019,NA,0.0990566037735849,106
NsiI.TP541300,9,52203191,0.550353730375049,NA,0.179245283018868,106
PstI.TP797783,3,57068036,0.550664240717436,NA,0.160377358490566,106
PstI.TP377612,1,9851429,0.550739510267284,NA,0.193396226415094,106
PstI.TP8678,2,2984246,0.550919454708171,NA,0.476415094339623,106
NsiI.TP260915,11,12050,0.5512824741556,NA,0.0188679245283019,106
PstI.TP1264040,3,25831,0.551328955402988,NA,0.0188679245283019,106
PstI.TP690923,6,1569673,0.551961990759784,NA,0.0235849056603774,106
PstI.TP99687,10,5558897,0.5521318592684,NA,0.141509433962264,106
PstI.TP901866,2,7365029,0.552135022331977,NA,0.287735849056604,106
PstI.TP572285,1,6947477,0.552254202331912,NA,0.0141509433962264,106
PstI.TP981281,10,3085207,0.552362939415741,NA,0.0754716981132075,106
PstI.TP773670,2,58845474,0.552385979003359,NA,0.0424528301886792,106
PstI.TP1259253,4,9921203,0.552573280602979,NA,0.273584905660377,106
PstI.TP694382,3,66532430,0.552706108980426,NA,0.0235849056603774,106
PstI.TP116169,4,62823977,0.552857297040235,NA,0.169811320754717,106
PstI.TP863318,10,9897610,0.552910236038743,NA,0.0518867924528302,106
PstI.TP972577,4,64049091,0.553060776762147,NA,0.0283018867924528,106
PstI.TP1165736,1,57192298,0.553078619779677,NA,0.080188679245283,106
PstI.TP189568,9,3236820,0.553282952411871,NA,0.0141509433962264,106
PstI.TP6058,11,37,0.553748464377816,NA,0.0801886792452831,106
PstI.TP48643,11,411,0.553780028786919,NA,0.108490566037736,106
PstI.TP869093,1,11187262,0.553940030376156,NA,0.183962264150943,106
PstI.TP326785,7,57293650,0.5540691440912,NA,0.0141509433962264,106
NsiI.TP161693,9,56152528,0.55427633709016,NA,0.0235849056603774,106
NsiI.TP675233,9,58409914,0.554322451553471,NA,0.108490566037736,106
PstI.TP573905,2,65757565,0.554521023529585,NA,0.363207547169811,106
PstI.TP989364,11,6872,0.554556715938872,NA,0.207547169811321,106
PstI.TP701939,11,789248,0.554640143320178,NA,0.113207547169811,106
PstI.TP1009308,8,55801809,0.55467617295596,NA,0.0188679245283019,106
NsiI.TP567207,1,78452804,0.554798406168088,NA,0.254716981132076,106
PstI.TP547968,11,4053,0.555018347562374,NA,0.339622641509434,106
NsiI.TP311723,6,61255833,0.555961498615727,NA,0.212264150943396,106
PstI.TP336379,6,59676748,0.555993651592387,NA,0.117924528301887,106
PstI.TP547229,1,6574881,0.556027496192133,NA,0.0613207547169812,106
PstI.TP91738,2,75325372,0.556224994447716,NA,0.358490566037736,106
PstI.TP381443,11,2988,0.55624853400646,NA,0.0141509433962265,106
NsiI.TP689944,11,17623,0.556795544219102,NA,0.306603773584906,106
PstI.TP119098,11,986,0.557104359244194,NA,0.0188679245283019,106
PstI.TP275384,10,6327741,0.557252190432958,NA,0.30188679245283,106
PstI.TP1013004,7,23934216,0.557413621872608,NA,0.0707547169811321,106
PstI.TP47278,3,61828317,0.558046678672964,NA,0.080188679245283,106
PstI.TP1102206,11,7711,0.558225185290178,NA,0.0188679245283019,106
PstI.TP780370,4,55054662,0.55825609324517,NA,0.0235849056603774,106
PstI.TP238883,1,60897822,0.558258452614037,NA,0.264150943396226,106
PstI.TP311401,4,3634353,0.558382517889205,NA,0.0330188679245284,106
PstI.TP811183,11,5622,0.558603513782612,NA,0.0283018867924528,106
NsiI.TP527435,3,7664263,0.55874263029115,NA,0.10377358490566,106
NsiI.TP550056,11,15914,0.558837714677378,NA,0.462264150943396,106
NsiI.TP575618,7,3778581,0.558874570647264,NA,0.0660377358490566,106
PstI.TP429801,10,8035175,0.559076810533437,NA,0.089622641509434,106
NsiI.TP21395,10,3686578,0.559164214250486,NA,0.165094339622642,106
PstI.TP1157898,3,1576323,0.559187835827819,NA,0.0801886792452831,106
PstI.TP1027273,3,4274869,0.559326815696194,NA,0.0754716981132075,106
PstI.TP1081008,2,71118803,0.559713754861321,NA,0.10377358490566,106
PstI.TP815977,8,47698137,0.560002857839512,NA,0.344339622641509,106
NsiI.TP503227,7,87451,0.560277435121182,NA,0.0518867924528302,106
PstI.TP249109,9,47522889,0.560353656785565,NA,0.0235849056603774,106
PstI.TP1083210,2,74137420,0.561260994964057,NA,0.372641509433962,106
PstI.TP345976,1,69318742,0.56138291648888,NA,0.0566037735849056,106
PstI.TP98115,9,51912899,0.561793411315535,NA,0.0377358490566038,106
PstI.TP938200,2,54569410,0.562019180986105,NA,0.141509433962264,106
PstI.TP532736,2,62195730,0.562436358740047,NA,0.495283018867924,106
PstI.TP1245745,1,18203316,0.562484424200428,NA,0.0424528301886793,106
PstI.TP630858,6,47185090,0.562821484368558,NA,0.462264150943396,106
PstI.TP110030,1,60421130,0.562879666240796,NA,0.429245283018868,106
NsiI.TP269540,1,24901828,0.563249669508797,NA,0.0235849056603774,106
PstI.TP448143,9,6230587,0.563596627370177,NA,0.117924528301887,106
PstI.TP1269176,5,70203514,0.564118522327642,NA,0.0188679245283019,106
PstI.TP898747,11,6265,0.564325229506895,NA,0.0235849056603774,106
PstI.TP437245,9,54288726,0.56465997723507,NA,0.0235849056603774,106
PstI.TP1021339,2,63565830,0.564686966334608,NA,0.0754716981132075,106
PstI.TP551509,2,27803104,0.565149158063151,NA,0.0235849056603774,106
PstI.TP933320,2,56250123,0.565159018089445,NA,0.108490566037736,106
PstI.TP1102564,1,67094571,0.565234568015081,NA,0.0188679245283019,106
PstI.TP494133,11,3744,0.565262126854626,NA,0.113207547169811,106
PstI.TP208272,6,53679758,0.565265459552067,NA,0.367924528301887,106
PstI.TP189469,4,665915,0.565340253032441,NA,0.0188679245283019,106
PstI.TP458650,3,63973238,0.565705535418042,NA,0.108490566037736,106
PstI.TP541874,2,55037354,0.565821113763737,NA,0.0990566037735849,106
PstI.TP653588,2,73909840,0.565875429236787,NA,0.0235849056603774,106
PstI.TP887121,10,55720067,0.565983662650419,NA,0.44811320754717,106
PstI.TP891020,1,4033768,0.566069889304643,NA,0.0754716981132075,106
PstI.TP335471,4,56710032,0.566075367101299,NA,0.0849056603773585,106
PstI.TP797415,11,5520,0.566269535044695,NA,0.202830188679245,106
PstI.TP249057,1,73523293,0.566352813262754,NA,0.080188679245283,106
PstI.TP250739,6,45518943,0.566408473978811,NA,0.0566037735849056,106
PstI.TP137972,6,49743515,0.56668059023333,NA,0.117924528301887,106
PstI.TP980214,1,10687788,0.566762468004747,NA,0.438679245283019,106
PstI.TP175766,7,62320486,0.56676719766555,NA,0.0990566037735849,106
NsiI.TP243894,2,65614474,0.566779718065116,NA,0.216981132075472,106
PstI.TP1151756,7,39232025,0.566969711187243,NA,0.216981132075472,106
NsiI.TP507997,11,15372,0.567537408608399,NA,0.0235849056603774,106
PstI.TP834454,11,5776,0.567991256169204,NA,0.080188679245283,106
NsiI.TP615700,8,5240241,0.568069295593932,NA,0.179245283018868,106
PstI.TP138118,2,65682237,0.568275499749491,NA,0.0141509433962265,106
PstI.TP280696,11,2260,0.568630018145265,NA,0.160377358490566,106
PstI.TP765460,9,49146041,0.569357174921442,NA,0.235849056603774,106
PstI.TP148033,4,68054990,0.569510055006504,NA,0.0424528301886792,106
PstI.TP68667,7,5024644,0.569797421235956,NA,0.0566037735849056,106
PstI.TP597894,3,12103125,0.570089117482094,NA,0.0283018867924528,106
PstI.TP97518,1,17476051,0.570149108237058,NA,0.10377358490566,106
NsiI.TP214131,8,60694487,0.570556562500983,NA,0.0566037735849057,106
PstI.TP674379,1,67954429,0.570804923532227,NA,0.481132075471698,106
PstI.TP671248,2,72313766,0.571077310069728,NA,0.207547169811321,106
PstI.TP1012704,11,7027,0.572012693770944,NA,0.113207547169811,106
PstI.TP790135,9,57345247,0.572227874058028,NA,0.0188679245283019,106
NsiI.TP148603,5,16159167,0.572529435551045,NA,0.287735849056604,106
PstI.TP178843,10,51681279,0.572704316286343,NA,0.0849056603773585,106
PstI.TP580690,7,58775427,0.572885686659425,NA,0.0990566037735849,106
PstI.TP167190,7,62053736,0.573239586865208,NA,0.0660377358490566,106
NsiI.TP438769,2,59534222,0.57330789618324,NA,0.452830188679245,106
PstI.TP523465,2,75496167,0.573355609180032,NA,0.0566037735849056,106
PstI.TP403269,11,3130,0.573650506416649,NA,0.264150943396226,106
NsiI.TP330963,10,56296082,0.573813156682276,NA,0.0283018867924528,106
PstI.TP216091,1,67620053,0.574067418999163,NA,0.089622641509434,106
PstI.TP1144768,1,78240904,0.574593614740391,NA,0.0518867924528302,106
NsiI.TP549004,2,62333756,0.574975952567318,NA,0.0188679245283019,106
PstI.TP1010083,6,48787600,0.575040958614158,NA,0.0141509433962264,106
PstI.TP947067,11,6615,0.575100943047208,NA,0.0235849056603774,106
NsiI.TP591531,11,16475,0.575261820994434,NA,0.0188679245283019,106
PstI.TP775752,10,41350986,0.57557767735208,NA,0.0849056603773585,106
NsiI.TP741991,2,65962511,0.575802299148478,NA,0.113207547169811,106
NsiI.TP127144,6,35696,0.576148274226615,NA,0.150943396226415,106
PstI.TP98675,4,57524900,0.576501270663637,NA,0.0330188679245284,106
PstI.TP516632,11,3891,0.576666099746291,NA,0.0754716981132075,106
PstI.TP123922,11,1028,0.577201492771387,NA,0.25,106
PstI.TP180013,3,66851078,0.577386725433129,NA,0.0518867924528302,106
PstI.TP217370,7,7697522,0.577523612877262,NA,0.0660377358490566,106
PstI.TP217531,8,1760734,0.57796085768549,NA,0.174528301886792,106
PstI.TP321113,7,2693846,0.578306295297882,NA,0.202830188679245,106
PstI.TP350614,9,2097298,0.578378252279249,NA,0.141509433962264,106
PstI.TP715604,4,64992446,0.578562699862465,NA,0.0754716981132075,106
PstI.TP142755,11,1196,0.578651774176544,NA,0.0801886792452831,106
PstI.TP777906,6,59229689,0.578661239243393,NA,0.0141509433962264,106
NsiI.TP493402,10,8423090,0.578700262725179,NA,0.132075471698113,106
PstI.TP1050186,2,1911820,0.57895793633136,NA,0.0235849056603774,106
NsiI.TP213231,11,11496,0.579046699338658,NA,0.0849056603773585,106
PstI.TP464711,10,50362823,0.579488000991731,NA,0.0235849056603774,106
PstI.TP847961,8,53109574,0.580246933801777,NA,0.212264150943396,106
PstI.TP534885,7,60189766,0.580264006271554,NA,0.481132075471698,106
PstI.TP308412,3,12715828,0.580433519116829,NA,0.0377358490566038,106
PstI.TP339221,6,59779202,0.580808247095917,NA,0.0283018867924528,106
PstI.TP1178407,3,66215279,0.581131678212162,NA,0.349056603773585,106
PstI.TP371413,11,2915,0.581452386605794,NA,0.0518867924528302,106
PstI.TP45420,8,59829645,0.581583575052952,NA,0.0754716981132075,106
PstI.TP30142,6,54712768,0.581772789340432,NA,0.108490566037736,106
PstI.TP237380,2,49698711,0.582073696422783,NA,0.0754716981132075,106
PstI.TP1197317,2,72276730,0.582122117423486,NA,0.0330188679245283,106
NsiI.TP239934,6,55478715,0.582447515217481,NA,0.0235849056603774,106
NsiI.TP441858,10,60928769,0.582503169147939,NA,0.235849056603774,106
PstI.TP747907,11,5165,0.582627821568061,NA,0.358490566037736,106
NsiI.TP371441,8,4140344,0.582647769394232,NA,0.0235849056603774,106
NsiI.TP499370,4,52358612,0.582725528686641,NA,0.14622641509434,106
PstI.TP402235,2,70727485,0.582726333673113,NA,0.372641509433962,106
NsiI.TP597148,11,16557,0.582784530217801,NA,0.495283018867924,106
NsiI.TP130499,6,60880934,0.582880491423811,NA,0.0424528301886792,106
PstI.TP643290,1,53455562,0.582906105263572,NA,0.0754716981132075,106
PstI.TP1126063,10,5769848,0.583441517238994,NA,0.117924528301887,106
PstI.TP742405,9,3885435,0.583484593268867,NA,0.344339622641509,106
PstI.TP48914,2,64219114,0.583651829392179,NA,0.141509433962264,106
PstI.TP698835,11,4830,0.58377869196567,NA,0.0660377358490566,106
PstI.TP731332,11,5041,0.583887453224712,NA,0.231132075471698,106
PstI.TP833712,10,5951604,0.584100507622733,NA,0.0424528301886792,106
PstI.TP277532,7,58749000,0.584253393904569,NA,0.226415094339623,106
PstI.TP728315,4,6366039,0.584643970070659,NA,0.0801886792452831,106
PstI.TP456141,1,9284445,0.585252887648276,NA,0.0566037735849056,106
PstI.TP372159,6,397980,0.585466828435023,NA,0.202830188679245,106
NsiI.TP239839,1,69493415,0.585608973427758,NA,0.452830188679245,106
PstI.TP864763,3,1256958,0.585846506697659,NA,0.0377358490566038,106
NsiI.TP499949,1,72170440,0.585950438813161,NA,0.0613207547169812,106
PstI.TP1015830,2,64144907,0.58652098094827,NA,0.0188679245283019,106
PstI.TP766314,11,5291,0.586658297921171,NA,0.0235849056603774,106
PstI.TP683701,10,10614565,0.586802120290336,NA,0.466981132075472,106
PstI.TP548274,7,51500731,0.586982507550138,NA,0.141509433962264,106
PstI.TP264010,1,57283338,0.587137051793051,NA,0.429245283018868,106
NsiI.TP765320,7,5038310,0.587397559546109,NA,0.113207547169811,106
PstI.TP1089712,9,54712297,0.587468621737592,NA,0.141509433962264,106
PstI.TP268085,2,64265265,0.587727310971307,NA,0.0471698113207547,106
PstI.TP487645,9,54136565,0.588108492471815,NA,0.216981132075472,106
PstI.TP260494,2,69620378,0.588109512412114,NA,0.141509433962264,106
NsiI.TP702587,10,2441199,0.588166007884255,NA,0.0518867924528302,106
PstI.TP617554,7,3245920,0.588547094653772,NA,0.089622641509434,106
PstI.TP1169832,4,56534152,0.589191099807891,NA,0.117924528301887,106
NsiI.TP148399,3,63530653,0.589325151495245,NA,0.122641509433962,106
PstI.TP665587,1,70753604,0.589375698657966,NA,0.165094339622642,106
PstI.TP246413,11,2008,0.589797883675976,NA,0.330188679245283,106
PstI.TP1138376,1,51888724,0.589963817836372,NA,0.113207547169811,106
PstI.TP215425,11,1760,0.590029164959023,NA,0.320754716981132,106
PstI.TP35952,11,297,0.590164006837389,NA,0.0613207547169811,106
PstI.TP940076,9,55493743,0.590759245907915,NA,0.221698113207547,106
PstI.TP619580,11,4344,0.590789243021698,NA,0.39622641509434,106
PstI.TP548830,4,59544955,0.591112913765516,NA,0.0943396226415094,106
PstI.TP819942,10,58117295,0.591358656242524,NA,0.0141509433962265,106
NsiI.TP820581,6,48687031,0.591409835944954,NA,0.0141509433962264,106
PstI.TP710507,1,75154807,0.592511913062301,NA,0.0518867924528302,106
PstI.TP1269599,4,68592536,0.593069011300112,NA,0.136792452830189,106
NsiI.TP200164,1,65494239,0.593084797168301,NA,0.122641509433962,106
PstI.TP1191815,4,62207485,0.593151851730266,NA,0.0471698113207547,106
NsiI.TP561173,7,64182183,0.593628793361495,NA,0.0754716981132075,106
PstI.TP843002,11,5836,0.593903682231953,NA,0.386792452830189,106
PstI.TP44125,7,55681656,0.594001738417699,NA,0.0660377358490566,106
PstI.TP1120883,11,7870,0.59414781893469,NA,0.0377358490566038,106
PstI.TP79115,4,60133712,0.594191699002192,NA,0.254716981132076,106
PstI.TP700182,9,56152423,0.594341513180302,NA,0.391509433962264,106
PstI.TP294151,11,2335,0.594597523040834,NA,0.490566037735849,106
PstI.TP1102757,3,60738907,0.594747830968261,NA,0.0943396226415094,106
PstI.TP97264,9,1289669,0.594749024116475,NA,0.0518867924528302,106
PstI.TP1203869,1,74588086,0.594885568269708,NA,0.0613207547169811,106
PstI.TP843913,6,45984633,0.594968893885676,NA,0.122641509433962,106
PstI.TP938963,9,39755480,0.595248588715152,NA,0.306603773584906,106
PstI.TP1239800,11,8727,0.595409225539819,NA,0.358490566037736,106
PstI.TP854571,11,5946,0.595525092009971,NA,0.0235849056603774,106
PstI.TP288798,3,69828015,0.595631955585876,NA,0.0849056603773585,106
PstI.TP302093,1,8923298,0.596011815083891,NA,0.0801886792452831,106
PstI.TP1031498,1,74431906,0.596106751551924,NA,0.0141509433962265,106
NsiI.TP511059,7,61487480,0.596407972115789,NA,0.127358490566038,106
PstI.TP4963,3,65245788,0.596785730966383,NA,0.212264150943396,106
NsiI.TP282767,6,55154575,0.59681947490275,NA,0.14622641509434,106
NsiI.TP443279,11,14353,0.5973443448831,NA,0.254716981132075,106
PstI.TP140016,6,57096158,0.597568802661698,NA,0.330188679245283,106
PstI.TP1091418,6,61060394,0.597643398350663,NA,0.0943396226415094,106
NsiI.TP66730,11,9922,0.597747084816591,NA,0.0141509433962265,106
PstI.TP1163546,11,8178,0.597769640787209,NA,0.0235849056603774,106
PstI.TP378140,3,63771773,0.597804359323268,NA,0.0990566037735849,106
PstI.TP113896,6,40079998,0.597924903110463,NA,0.169811320754717,106
PstI.TP1050629,4,60884477,0.598392168421197,NA,0.259433962264151,106
PstI.TP181460,1,12172878,0.598446193654677,NA,0.141509433962264,106
PstI.TP687364,11,4750,0.598461528306089,NA,0.0424528301886793,106
PstI.TP918944,11,6423,0.59849039053197,NA,0.169811320754717,106
PstI.TP884163,3,60121398,0.599046437143818,NA,0.108490566037736,106
PstI.TP802068,4,59707017,0.599067351694583,NA,0.443396226415094,106
PstI.TP1176205,3,68891880,0.59912540072642,NA,0.0330188679245283,106
PstI.TP1178906,2,60492006,0.59952058775551,NA,0.0566037735849057,106
PstI.TP874561,11,6100,0.599704171165874,NA,0.259433962264151,106
PstI.TP82277,11,687,0.600165388370447,NA,0.132075471698113,106
PstI.TP160378,4,65368583,0.600811703584154,NA,0.0330188679245284,106
NsiI.TP173516,1,15009936,0.600997888342351,NA,0.132075471698113,106
PstI.TP981001,2,4681014,0.601067770883096,NA,0.108490566037736,106
NsiI.TP247819,4,66898086,0.601745297003819,NA,0.0613207547169812,106
PstI.TP927867,11,6492,0.601860843315798,NA,0.0990566037735849,106
NsiI.TP102128,4,16552385,0.602709637053513,NA,0.391509433962264,106
PstI.TP394783,11,3078,0.602722861114664,NA,0.0943396226415094,106
PstI.TP995394,9,50625938,0.602905767784679,NA,0.485849056603774,106
PstI.TP606936,9,41549576,0.603023185394786,NA,0.0283018867924528,106
NsiI.TP171912,6,53905973,0.603195196522201,NA,0.127358490566038,106
PstI.TP377002,6,61062556,0.603698060435297,NA,0.287735849056604,106
PstI.TP886917,10,60308678,0.603948095721986,NA,0.0377358490566038,106
PstI.TP424159,1,63417435,0.604157880499309,NA,0.122641509433962,106
PstI.TP488889,1,10576905,0.604164240696722,NA,0.0660377358490566,106
PstI.TP1266869,6,48545495,0.604265578775638,NA,0.268867924528302,106
PstI.TP670845,3,68951426,0.60437320080399,NA,0.0235849056603774,106
PstI.TP850631,2,602280,0.605369091263483,NA,0.0235849056603774,106
PstI.TP53735,8,49122688,0.605490476258276,NA,0.0141509433962264,106
NsiI.TP327447,3,58489021,0.605701414780021,NA,0.372641509433962,106
NsiI.TP20060,1,18191763,0.605873848509079,NA,0.108490566037736,106
PstI.TP543090,1,25480362,0.605965621318662,NA,0.0235849056603774,106
PstI.TP1268195,6,52307532,0.606095645626767,NA,0.0801886792452831,106
NsiI.TP503258,6,51868615,0.606422869437784,NA,0.193396226415094,106
PstI.TP831969,4,52358433,0.60677850255838,NA,0.0188679245283019,106
PstI.TP490964,11,3726,0.606801235531447,NA,0.0235849056603774,106
PstI.TP542649,1,9116308,0.607158025019582,NA,0.0707547169811321,106
NsiI.TP337624,10,56201507,0.607359246387651,NA,0.0235849056603774,106
PstI.TP548121,9,58253929,0.608071217155836,NA,0.0613207547169812,106
PstI.TP1168659,10,8853686,0.60810717944702,NA,0.0141509433962265,106
PstI.TP701290,5,67409618,0.608582269370307,NA,0.0283018867924528,106
PstI.TP355877,11,2809,0.608626351859775,NA,0.122641509433962,106
PstI.TP516914,6,54724469,0.608782381898318,NA,0.0330188679245283,106
PstI.TP9799,11,72,0.60891323360566,NA,0.0660377358490566,106
PstI.TP1238248,4,64784268,0.609626444915791,NA,0.0801886792452831,106
NsiI.TP592929,5,64413792,0.609884794557046,NA,0.0188679245283019,106
PstI.TP662534,3,16373499,0.609973255406582,NA,0.216981132075472,106
PstI.TP401749,7,8817658,0.610048635643788,NA,0.165094339622642,106
PstI.TP586874,1,71729101,0.610145344873094,NA,0.297169811320755,106
PstI.TP930028,11,6509,0.610199352895042,NA,0.0330188679245283,106
NsiI.TP465791,1,74820948,0.610373130792363,NA,0.108490566037736,106
PstI.TP411848,11,3188,0.610378241530251,NA,0.471698113207547,106
PstI.TP86008,2,57163563,0.610802326939083,NA,0.372641509433962,106
PstI.TP409444,11,3169,0.61106882682499,NA,0.0660377358490566,106
PstI.TP1099085,10,7953720,0.611440157890147,NA,0.0518867924528302,106
PstI.TP839365,4,59601391,0.6114887251881,NA,0.0707547169811321,106
PstI.TP420801,1,62946889,0.611972519887665,NA,0.136792452830189,106
PstI.TP194177,11,1582,0.612695131293675,NA,0.0188679245283019,106
PstI.TP510443,1,25088662,0.613164450235085,NA,0.0518867924528302,106
NsiI.TP173065,3,3112906,0.613225607319151,NA,0.0330188679245283,106
NsiI.TP445310,11,14390,0.613704085664919,NA,0.0943396226415094,106
PstI.TP335891,4,42916499,0.614011172143949,NA,0.0235849056603774,106
PstI.TP593918,1,10465079,0.61408810215169,NA,0.0424528301886793,106
NsiI.TP222743,10,6819373,0.614696234533342,NA,0.207547169811321,106
NsiI.TP439808,3,13233852,0.614812899989368,NA,0.0424528301886793,106
PstI.TP1148558,2,62049812,0.615570708533533,NA,0.0518867924528302,106
PstI.TP13346,1,74849030,0.615751975799257,NA,0.0330188679245283,106
PstI.TP1195390,1,78927004,0.616143307405654,NA,0.080188679245283,106
PstI.TP830857,11,5749,0.616355892206588,NA,0.0660377358490566,106
PstI.TP879675,6,26700655,0.616473905334896,NA,0.287735849056604,106
PstI.TP936135,11,6549,0.616673028737691,NA,0.132075471698113,106
PstI.TP1038828,9,59381929,0.616765619626928,NA,0.132075471698113,106
NsiI.TP120580,3,6191698,0.616878835326093,NA,0.0754716981132075,106
NsiI.TP91904,3,61568869,0.617092291455509,NA,0.165094339622642,106
NsiI.TP806896,1,78145059,0.617141253275817,NA,0.0141509433962264,106
NsiI.TP127729,4,7462596,0.617348001490818,NA,0.386792452830189,106
PstI.TP543346,2,64518197,0.617358242393968,NA,0.108490566037736,106
NsiI.TP751856,11,18335,0.617389547474807,NA,0.136792452830189,106
NsiI.TP530343,11,15688,0.617613342097203,NA,0.0990566037735849,106
NsiI.TP226401,11,11675,0.618005043305817,NA,0.0141509433962264,106
NsiI.TP35357,2,67311248,0.618015412335378,NA,0.0471698113207547,106
PstI.TP388798,4,34703211,0.61818675324288,NA,0.0566037735849056,106
PstI.TP584707,11,4196,0.618219962312847,NA,0.0424528301886793,106
NsiI.TP465270,10,57290741,0.618293009812151,NA,0.0235849056603774,106
PstI.TP993788,8,60518710,0.618720305375374,NA,0.10377358490566,106
PstI.TP210825,5,62921968,0.618758452652209,NA,0.113207547169811,106
NsiI.TP173071,4,64391873,0.619003799083587,NA,0.0283018867924528,106
PstI.TP48145,8,60687073,0.619237921348402,NA,0.0424528301886793,106
PstI.TP673057,3,68094426,0.619958764540649,NA,0.10377358490566,106
PstI.TP76217,9,50041027,0.620068971081557,NA,0.0518867924528302,106
PstI.TP1248247,3,62346879,0.620432134647752,NA,0.0707547169811321,106
PstI.TP870640,2,62558309,0.620571015231915,NA,0.0141509433962265,106
PstI.TP714065,4,62405622,0.620771629512064,NA,0.165094339622642,106
PstI.TP1022872,11,7101,0.620896809690882,NA,0.179245283018868,106
PstI.TP1027916,3,9697919,0.620974913016956,NA,0.179245283018868,106
PstI.TP395407,2,57933769,0.621178112319891,NA,0.0188679245283019,106
PstI.TP487527,3,55804343,0.621649776481985,NA,0.429245283018868,106
PstI.TP258621,1,74361721,0.62169437097627,NA,0.0801886792452831,106
PstI.TP652161,11,4599,0.621939556699864,NA,0.0424528301886793,106
PstI.TP937129,3,67175086,0.622077221136825,NA,0.0141509433962264,106
PstI.TP933806,8,53107674,0.622163633320534,NA,0.0471698113207547,106
NsiI.TP9939,11,9230,0.622260516222666,NA,0.0330188679245284,106
PstI.TP1245708,5,1545967,0.622297745570515,NA,0.297169811320755,106
PstI.TP461927,1,9014162,0.622548587135234,NA,0.108490566037736,106
PstI.TP884447,1,69119836,0.62255286697957,NA,0.334905660377358,106
PstI.TP297855,11,2351,0.622633029847431,NA,0.240566037735849,106
NsiI.TP754822,2,56928503,0.622820599882483,NA,0.0613207547169811,106
PstI.TP363053,11,2867,0.623028566934072,NA,0.14622641509434,106
NsiI.TP751198,11,18320,0.623134528251048,NA,0.0424528301886792,106
PstI.TP824845,6,53159275,0.623141824681828,NA,0.287735849056604,106
PstI.TP770188,11,5317,0.623624600216248,NA,0.080188679245283,106
PstI.TP709133,4,64107407,0.623836839927168,NA,0.0660377358490566,106
PstI.TP403217,1,63867116,0.623914948231989,NA,0.0235849056603774,106
PstI.TP677046,7,54092854,0.624183983833613,NA,0.10377358490566,106
NsiI.TP277345,11,12201,0.62450368738861,NA,0.0283018867924528,106
NsiI.TP69764,11,9953,0.624819955265211,NA,0.117924528301887,106
NsiI.TP590554,1,78156460,0.624848065353286,NA,0.0188679245283019,106
PstI.TP532345,9,38275195,0.624877301779313,NA,0.0566037735849056,106
PstI.TP651659,6,56962308,0.624932745744633,NA,0.0330188679245283,106
NsiI.TP39896,11,9611,0.625546700659214,NA,0.136792452830189,106
PstI.TP521787,2,70479993,0.625893191193639,NA,0.0707547169811321,106
PstI.TP341298,11,2697,0.626048636678595,NA,0.0471698113207547,106
PstI.TP311967,1,17610629,0.626049226188758,NA,0.0235849056603774,106
PstI.TP718531,3,10722354,0.626335948961433,NA,0.0707547169811321,106
PstI.TP1164091,6,56319647,0.626420425597254,NA,0.306603773584906,106
PstI.TP622702,1,63849924,0.626510033961105,NA,0.495283018867925,106
PstI.TP454344,11,3482,0.627187492301868,NA,0.0141509433962265,106
PstI.TP364124,7,60271640,0.627462576516691,NA,0.19811320754717,106
PstI.TP1035670,7,59054724,0.627617637542159,NA,0.188679245283019,106
NsiI.TP674908,11,17434,0.628252350951388,NA,0.122641509433962,106
NsiI.TP493930,3,1747107,0.628761719744144,NA,0.0377358490566038,106
PstI.TP545135,3,66972327,0.629227201668561,NA,0.0424528301886792,106
PstI.TP802013,11,5556,0.629260321437061,NA,0.259433962264151,106
PstI.TP8762,3,66427331,0.629773598925287,NA,0.0754716981132075,106
PstI.TP730744,3,16373477,0.63036640438429,NA,0.0235849056603774,106
NsiI.TP452080,2,60386915,0.630378594586456,NA,0.0566037735849057,106
PstI.TP995236,3,63809440,0.630422980662602,NA,0.410377358490566,106
PstI.TP775845,1,13537099,0.630429626115497,NA,0.0283018867924528,106
PstI.TP952321,1,77832524,0.630433469444026,NA,0.457547169811321,106
PstI.TP1127198,11,7909,0.630490213130069,NA,0.386792452830189,106
NsiI.TP514947,6,52754787,0.63082302971713,NA,0.0141509433962264,106
PstI.TP636093,11,4470,0.63083832077436,NA,0.150943396226415,106
PstI.TP229256,11,1884,0.63091232901953,NA,0.452830188679245,106
PstI.TP180781,3,54937150,0.631380434924148,NA,0.0518867924528302,106
PstI.TP317453,6,55573202,0.631401066597646,NA,0.0424528301886792,106
PstI.TP356624,1,7268772,0.63147701404679,NA,0.391509433962264,106
PstI.TP1160878,11,8151,0.63179030285742,NA,0.0424528301886793,106
PstI.TP375331,11,2937,0.632136982558258,NA,0.495283018867924,106
PstI.TP212330,3,61992139,0.632226407663261,NA,0.0283018867924528,106
NsiI.TP38533,2,41373269,0.63268048080467,NA,0.0235849056603774,106
PstI.TP1119498,4,41538677,0.633102377168238,NA,0.0518867924528302,106
PstI.TP273897,3,67574112,0.633596877498174,NA,0.0424528301886793,106
PstI.TP187548,10,53478010,0.634108525466507,NA,0.0801886792452831,106
PstI.TP1163307,11,8177,0.634551693596344,NA,0.141509433962264,106
PstI.TP904740,11,6310,0.635118742667865,NA,0.10377358490566,106
PstI.TP345830,9,59281758,0.635482846865477,NA,0.216981132075472,106
PstI.TP202284,10,56175041,0.635608345805753,NA,0.405660377358491,106
NsiI.TP210231,11,11469,0.635943479728325,NA,0.0613207547169812,106
NsiI.TP423891,10,51417287,0.636191015366107,NA,0.0188679245283019,106
NsiI.TP113035,7,1804303,0.636555915902131,NA,0.089622641509434,106
NsiI.TP20336,1,58285925,0.636698906145376,NA,0.0141509433962264,106
PstI.TP576556,8,61385245,0.636844473424052,NA,0.0518867924528302,106
PstI.TP221413,11,1816,0.637024636528718,NA,0.0235849056603774,106
NsiI.TP506280,11,15342,0.637481700882824,NA,0.141509433962264,106
PstI.TP410505,3,68268137,0.637509973401163,NA,0.212264150943396,106
NsiI.TP4640,3,3845881,0.637535816127936,NA,0.0943396226415094,106
PstI.TP25993,11,202,0.637893077265672,NA,0.0235849056603774,106
PstI.TP364380,1,27181483,0.637951376773393,NA,0.207547169811321,106
PstI.TP498552,11,3782,0.637988204656782,NA,0.14622641509434,106
NsiI.TP83219,1,5636529,0.638604355706345,NA,0.165094339622642,106
NsiI.TP43891,1,66864733,0.63910488029152,NA,0.0754716981132075,106
PstI.TP521327,4,54492451,0.639203850337981,NA,0.0188679245283019,106
PstI.TP1090503,9,54050222,0.639859100907,NA,0.150943396226415,106
PstI.TP522438,10,49677682,0.639970368662827,NA,0.155660377358491,106
PstI.TP867146,11,6048,0.64003066845605,NA,0.127358490566038,106
PstI.TP581839,11,4176,0.640274113774572,NA,0.174528301886792,106
PstI.TP1132484,10,57883541,0.640396722357312,NA,0.0283018867924528,106
NsiI.TP674468,6,49590276,0.640713422794762,NA,0.0377358490566038,106
PstI.TP197681,7,2110172,0.640852747203534,NA,0.349056603773585,106
PstI.TP290439,11,2305,0.641009678710061,NA,0.0660377358490566,106
PstI.TP262611,11,2127,0.641318016374251,NA,0.235849056603774,106
PstI.TP10852,10,58028954,0.64266345521096,NA,0.132075471698113,106
PstI.TP43928,3,57930256,0.642696237145123,NA,0.0377358490566038,106
PstI.TP1204344,11,8498,0.642713308606193,NA,0.245283018867924,106
PstI.TP931336,4,65707584,0.642793000372956,NA,0.14622641509434,106
PstI.TP448761,1,73324734,0.642832754629866,NA,0.089622641509434,106
NsiI.TP762234,6,53672648,0.642893337760606,NA,0.0235849056603774,106
PstI.TP220394,11,1803,0.64292831366692,NA,0.0283018867924528,106
PstI.TP570060,6,47899753,0.643190786468809,NA,0.0188679245283019,106
PstI.TP364469,1,15807512,0.643475864086976,NA,0.0943396226415094,106
NsiI.TP579900,1,335878,0.643502223025528,NA,0.0188679245283019,106
PstI.TP871892,11,6087,0.643609048140613,NA,0.0188679245283019,106
PstI.TP22473,8,5375523,0.643744004300898,NA,0.367924528301887,106
NsiI.TP201900,7,59739247,0.643987990668064,NA,0.14622641509434,106
PstI.TP1084761,1,66720416,0.644159269020479,NA,0.0377358490566038,106
PstI.TP529734,2,65604246,0.644266754134893,NA,0.136792452830189,106
PstI.TP219584,2,3429973,0.644701647966354,NA,0.424528301886792,106
NsiI.TP57603,11,9814,0.644797205340952,NA,0.0613207547169811,106
PstI.TP862004,7,62011344,0.64482696715974,NA,0.0377358490566038,106
PstI.TP807231,4,59272271,0.644908245117771,NA,0.0141509433962265,106
PstI.TP401147,11,3119,0.64560130126028,NA,0.0990566037735849,106
PstI.TP1087906,11,7591,0.645657538749281,NA,0.278301886792453,106
NsiI.TP164937,11,10950,0.645930593672347,NA,0.245283018867924,106
NsiI.TP260534,3,65628707,0.646079930494694,NA,0.0943396226415094,106
PstI.TP570599,8,57084424,0.64608843663621,NA,0.0235849056603774,106
NsiI.TP446863,11,14405,0.646357228199024,NA,0.0566037735849056,106
NsiI.TP355888,11,13042,0.646678688988574,NA,0.155660377358491,106
PstI.TP1290291,11,9091,0.646767894724722,NA,0.0377358490566038,106
PstI.TP826904,1,71509086,0.647099355979143,NA,0.141509433962264,106
PstI.TP955356,3,67880743,0.64726661928808,NA,0.179245283018868,106
PstI.TP741957,2,5655578,0.647765940559626,NA,0.122641509433962,106
NsiI.TP211613,4,51742137,0.647921231494975,NA,0.0188679245283019,106
PstI.TP651320,5,35481232,0.648184179519316,NA,0.254716981132076,106
PstI.TP27310,11,209,0.648276063875717,NA,0.0518867924528302,106
NsiI.TP276241,1,79202469,0.648605263980905,NA,0.108490566037736,106
PstI.TP756240,11,5223,0.649004977133495,NA,0.0754716981132075,106
PstI.TP984525,10,58519750,0.649097794293971,NA,0.0943396226415094,106
PstI.TP523962,11,3914,0.64911616368717,NA,0.405660377358491,106
NsiI.TP60459,4,59680771,0.649334962535304,NA,0.113207547169811,106
PstI.TP947087,2,13610693,0.649673680721414,NA,0.320754716981132,106
NsiI.TP492704,1,79052861,0.649808707601257,NA,0.0707547169811321,106
PstI.TP804144,11,5574,0.649842170418468,NA,0.35377358490566,106
PstI.TP530722,11,3964,0.649940453894172,NA,0.10377358490566,106
NsiI.TP621335,11,16810,0.650673574378857,NA,0.0990566037735849,106
PstI.TP71898,8,55904365,0.650768775170991,NA,0.141509433962264,106
PstI.TP192722,7,59027066,0.651078440587291,NA,0.0754716981132075,106
NsiI.TP609151,5,68282440,0.651132365516719,NA,0.089622641509434,106
PstI.TP978811,1,9073364,0.651263250608071,NA,0.0566037735849057,106
PstI.TP418643,11,3244,0.651371850742875,NA,0.117924528301887,106
PstI.TP969702,4,58874917,0.651523417145759,NA,0.320754716981132,106
PstI.TP237442,3,60602220,0.651737932226786,NA,0.089622641509434,106
NsiI.TP576062,11,16278,0.652139989555413,NA,0.0377358490566038,106
PstI.TP706856,1,74539608,0.652455235410488,NA,0.0707547169811321,106
PstI.TP1176340,10,60292206,0.6527588502879,NA,0.254716981132076,106
PstI.TP315072,8,3139123,0.65347434878571,NA,0.377358490566038,106
PstI.TP411298,1,77771698,0.653570878871205,NA,0.089622641509434,106
PstI.TP427055,8,53245772,0.653608363033183,NA,0.0188679245283019,106
PstI.TP324568,1,72175111,0.653843720620612,NA,0.10377358490566,106
NsiI.TP441693,3,2660294,0.654309106700215,NA,0.089622641509434,106
PstI.TP530646,11,3961,0.654352820321308,NA,0.0613207547169812,106
PstI.TP579734,11,4164,0.654422297467895,NA,0.108490566037736,106
NsiI.TP383667,7,419094,0.654446448697347,NA,0.0943396226415094,106
NsiI.TP750593,4,61084375,0.654551750223401,NA,0.127358490566038,106
PstI.TP401430,10,261208,0.655020241771562,NA,0.0613207547169812,106
PstI.TP740119,11,5107,0.655169071319583,NA,0.0754716981132075,106
PstI.TP516137,10,8551151,0.65534494922643,NA,0.165094339622642,106
PstI.TP87462,8,1985725,0.655392252087339,NA,0.0566037735849057,106
NsiI.TP429077,3,67755561,0.655427574450523,NA,0.495283018867924,106
PstI.TP818925,10,43270529,0.655834582018819,NA,0.339622641509434,106
PstI.TP1018329,4,61899900,0.656132920011241,NA,0.0330188679245283,106
NsiI.TP610817,1,62492981,0.656498855845016,NA,0.0424528301886793,106
PstI.TP109649,6,44909657,0.656510347528176,NA,0.0283018867924528,106
NsiI.TP624872,4,60455775,0.657025239595438,NA,0.0235849056603774,106
PstI.TP179275,9,52171543,0.657097673546282,NA,0.0849056603773585,106
PstI.TP143719,6,59895028,0.657217372529434,NA,0.0330188679245284,106
NsiI.TP164551,11,10941,0.657284876074688,NA,0.0283018867924528,106
NsiI.TP538662,6,48159780,0.657320947864819,NA,0.0566037735849057,106
PstI.TP288834,11,2294,0.657445033065032,NA,0.0141509433962264,106
NsiI.TP437987,11,14225,0.657454580938372,NA,0.0754716981132075,106
PstI.TP1168372,1,72238288,0.657701401403443,NA,0.0471698113207547,106
PstI.TP34641,9,51765933,0.657714692691184,NA,0.136792452830189,106
PstI.TP350272,11,2756,0.657811286139469,NA,0.330188679245283,106
PstI.TP624488,11,4383,0.658132638652728,NA,0.0235849056603774,106
PstI.TP342466,2,4686314,0.658246055371982,NA,0.0801886792452831,106
PstI.TP790103,1,70752961,0.658391989844003,NA,0.0141509433962265,106
PstI.TP1276468,10,5770472,0.65849139988223,NA,0.0377358490566038,106
NsiI.TP427013,10,2715156,0.658611704013629,NA,0.193396226415094,106
NsiI.TP354382,11,13023,0.658643870146032,NA,0.0141509433962264,106
PstI.TP1181279,10,61156077,0.658806261353934,NA,0.155660377358491,106
NsiI.TP377434,11,13308,0.658865184406295,NA,0.183962264150943,106
PstI.TP165585,11,1359,0.658881970634309,NA,0.495283018867925,106
NsiI.TP121209,4,61601883,0.658882652292618,NA,0.117924528301887,106
NsiI.TP488601,1,6409370,0.659578959901967,NA,0.330188679245283,106
NsiI.TP338725,7,57292523,0.659668231539979,NA,0.0235849056603774,106
PstI.TP1272828,10,59027538,0.659765128225343,NA,0.306603773584906,106
NsiI.TP304335,6,61272905,0.65999410617202,NA,0.240566037735849,106
PstI.TP700800,11,4849,0.660126760660593,NA,0.240566037735849,106
PstI.TP751721,9,50513395,0.660342308729609,NA,0.150943396226415,106
PstI.TP65472,2,55384747,0.660604905310919,NA,0.207547169811321,106
NsiI.TP766019,5,2301214,0.660672647985824,NA,0.0471698113207547,106
PstI.TP246975,3,19673688,0.661683765214622,NA,0.264150943396226,106
PstI.TP982126,9,58344631,0.662577486532502,NA,0.174528301886792,106
PstI.TP412441,9,54289082,0.662602151479982,NA,0.0518867924528302,106
PstI.TP59721,1,69434073,0.662726591184708,NA,0.0990566037735849,106
PstI.TP363146,6,59896427,0.663058661149078,NA,0.14622641509434,106
PstI.TP867194,3,66952812,0.663506987458847,NA,0.0283018867924528,106
NsiI.TP428380,10,599011,0.663788006327923,NA,0.367924528301887,106
NsiI.TP764823,10,2714822,0.663987301006153,NA,0.193396226415094,106
NsiI.TP29266,11,9449,0.66416360571731,NA,0.0424528301886792,106
PstI.TP783561,11,5407,0.664268974431297,NA,0.424528301886792,106
PstI.TP705967,1,5858828,0.664841284317649,NA,0.0754716981132075,106
PstI.TP1029819,5,10196113,0.664970352797258,NA,0.306603773584906,106
NsiI.TP146220,1,13426299,0.665040560506576,NA,0.0990566037735849,106
PstI.TP1014264,1,75579176,0.665686316975012,NA,0.117924528301887,106
PstI.TP114371,11,951,0.666968421684764,NA,0.0188679245283019,106
PstI.TP408602,2,61706850,0.667536072677743,NA,0.0188679245283019,106
PstI.TP42898,10,52309781,0.66774530811453,NA,0.0283018867924528,106
PstI.TP98480,11,808,0.66816397309859,NA,0.0849056603773585,106
PstI.TP15637,11,124,0.668251800525888,NA,0.424528301886792,106
PstI.TP1272417,11,8966,0.668257373604323,NA,0.0566037735849056,106
NsiI.TP422978,9,56358200,0.66845811826066,NA,0.443396226415094,106
PstI.TP712963,11,4936,0.668937358225481,NA,0.25,106
PstI.TP156810,4,2774722,0.669051055512128,NA,0.0283018867924528,106
PstI.TP925971,2,67121384,0.669245005781204,NA,0.235849056603774,106
NsiI.TP56624,1,63509426,0.669253141473565,NA,0.0377358490566038,106
PstI.TP966432,1,2596832,0.669364984302367,NA,0.0330188679245284,106
NsiI.TP690675,11,17634,0.669636585774239,NA,0.0707547169811321,106
PstI.TP864793,10,15183846,0.669972990975807,NA,0.316037735849057,106
PstI.TP1227785,4,692003,0.670268365697169,NA,0.0377358490566038,106
PstI.TP742374,11,5130,0.670415995535935,NA,0.0283018867924528,106
PstI.TP1022791,6,56560248,0.670672576156332,NA,0.136792452830189,106
PstI.TP1167685,4,7967341,0.67073288661025,NA,0.0141509433962265,106
PstI.TP544549,6,2226986,0.670857102530424,NA,0.0141509433962265,106
PstI.TP1020623,11,7079,0.671046054920506,NA,0.174528301886792,106
PstI.TP1096280,3,1833730,0.671671422468304,NA,0.0754716981132075,106
PstI.TP36138,11,300,0.672011169898284,NA,0.0660377358490566,106
PstI.TP111007,1,76814269,0.672101152302828,NA,0.0424528301886793,106
NsiI.TP469506,3,62312511,0.672261477641424,NA,0.0188679245283019,106
PstI.TP368020,3,4665593,0.672458491600706,NA,0.0660377358490566,106
PstI.TP935398,11,6548,0.672488442691233,NA,0.0377358490566038,106
PstI.TP935926,6,55352294,0.67264902766834,NA,0.320754716981132,106
NsiI.TP539756,1,79753228,0.672657655192413,NA,0.0188679245283019,106
PstI.TP848458,11,5880,0.67275320926151,NA,0.0235849056603774,106
PstI.TP269152,3,390266,0.673074240927358,NA,0.0283018867924528,106
PstI.TP347015,11,2733,0.673522781788488,NA,0.0707547169811321,106
NsiI.TP468188,4,16051806,0.673579616507696,NA,0.0660377358490566,106
PstI.TP1124519,4,6022906,0.67372107368604,NA,0.0188679245283019,106
PstI.TP697705,4,60476665,0.673764910960469,NA,0.0330188679245283,106
NsiI.TP731345,6,50796587,0.673971173789117,NA,0.320754716981132,106
PstI.TP998975,6,45505565,0.674082030108104,NA,0.183962264150943,106
PstI.TP924394,11,6470,0.674215276284226,NA,0.0424528301886792,106
PstI.TP338015,2,77540960,0.674597966957634,NA,0.136792452830189,106
PstI.TP1251568,11,8808,0.674775231696155,NA,0.0471698113207547,106
NsiI.TP214866,1,66931515,0.674906707733274,NA,0.0707547169811321,106
PstI.TP532131,11,3976,0.674938696370285,NA,0.10377358490566,106
PstI.TP1066372,6,58439886,0.675170866781863,NA,0.0235849056603774,106
PstI.TP420029,3,64967488,0.675547192035894,NA,0.0424528301886793,106
PstI.TP110898,10,9880843,0.675697257478814,NA,0.0471698113207547,106
NsiI.TP609140,6,18911509,0.675772959328285,NA,0.0943396226415094,106
PstI.TP530550,10,10541144,0.675904885509049,NA,0.216981132075472,106
PstI.TP991622,3,61247052,0.676375891684726,NA,0.0283018867924528,106
PstI.TP1276462,1,78952828,0.676454600713702,NA,0.438679245283019,106
NsiI.TP421064,11,13807,0.676506596133115,NA,0.0235849056603774,106
PstI.TP533938,6,3839549,0.676538411605822,NA,0.221698113207547,106
PstI.TP1141410,7,64617396,0.676640937599084,NA,0.0141509433962265,106
PstI.TP396492,4,59554328,0.676697917678836,NA,0.108490566037736,106
NsiI.TP488350,3,53232085,0.677194709381241,NA,0.193396226415094,106
PstI.TP1022383,2,63575726,0.677261274960993,NA,0.0660377358490566,106
PstI.TP221302,11,1815,0.677314541286626,NA,0.0188679245283019,106
PstI.TP1228107,7,9290637,0.677325664868447,NA,0.0377358490566038,106
PstI.TP790783,11,5472,0.677370170046299,NA,0.0849056603773585,106
PstI.TP568763,10,55874415,0.677419847382318,NA,0.457547169811321,106
PstI.TP931840,6,60969038,0.677663254742256,NA,0.127358490566038,106
PstI.TP1275567,7,4355483,0.677925424557516,NA,0.165094339622642,106
PstI.TP954118,11,6658,0.677958535703453,NA,0.089622641509434,106
PstI.TP451905,1,7339832,0.678350719684388,NA,0.0849056603773585,106
PstI.TP841981,11,5827,0.678598355622519,NA,0.485849056603774,106
NsiI.TP201378,6,52187948,0.678652266122172,NA,0.0188679245283019,106
NsiI.TP667820,4,62655425,0.678771533254295,NA,0.14622641509434,106
PstI.TP509122,2,62099032,0.679145007518704,NA,0.080188679245283,106
PstI.TP1150194,1,16733554,0.679704673221864,NA,0.0660377358490566,106
PstI.TP421182,4,67729112,0.679749610509656,NA,0.0754716981132075,106
PstI.TP31817,11,252,0.67988742804127,NA,0.254716981132076,106
PstI.TP1256117,3,11017293,0.680349155263444,NA,0.0849056603773585,106
PstI.TP366287,6,16432946,0.680535976436488,NA,0.212264150943396,106
NsiI.TP669710,6,57585057,0.680729232522046,NA,0.0188679245283019,106
PstI.TP126450,2,58727657,0.680807975723592,NA,0.207547169811321,106
PstI.TP1257324,3,65916131,0.681011800713002,NA,0.0377358490566038,106
PstI.TP1262851,4,67370507,0.681113341949003,NA,0.0566037735849057,106
PstI.TP1022311,4,59536613,0.681130027388004,NA,0.0188679245283019,106
PstI.TP505540,3,71068246,0.681209876201031,NA,0.0849056603773585,106
PstI.TP1243055,1,3389055,0.681250037795339,NA,0.0283018867924528,106
PstI.TP860893,2,70230959,0.681324949726441,NA,0.39622641509434,106
NsiI.TP434715,10,56495741,0.681845007411842,NA,0.0613207547169812,106
PstI.TP697701,4,60476700,0.681907371166697,NA,0.0707547169811321,106
PstI.TP444248,11,3408,0.682031520343338,NA,0.179245283018868,106
PstI.TP361031,6,48622395,0.682544755565059,NA,0.334905660377358,106
PstI.TP671700,3,15764634,0.682840983737198,NA,0.0235849056603774,106
NsiI.TP34193,6,47900218,0.683180788425855,NA,0.141509433962264,106
PstI.TP1047233,3,61797601,0.683521294679049,NA,0.089622641509434,106
PstI.TP626124,1,3342723,0.683749739428771,NA,0.0660377358490566,106
PstI.TP158812,4,10951684,0.684012514627804,NA,0.155660377358491,106
NsiI.TP729037,11,18073,0.684056337397423,NA,0.278301886792453,106
PstI.TP1243215,7,26362268,0.6846035831095,NA,0.089622641509434,106
PstI.TP1115006,4,2397430,0.684731689317351,NA,0.132075471698113,106
PstI.TP247650,4,67343889,0.685115707385359,NA,0.0754716981132075,106
NsiI.TP343501,6,50674685,0.685178433197987,NA,0.0235849056603774,106
NsiI.TP708852,11,17859,0.685257286333674,NA,0.169811320754717,106
PstI.TP51516,10,8861492,0.685462712347748,NA,0.0707547169811321,106
PstI.TP226392,6,47819825,0.685708862364401,NA,0.113207547169811,106
PstI.TP727464,11,5016,0.685801938549771,NA,0.0330188679245284,106
PstI.TP229971,6,55979638,0.686277318379845,NA,0.0754716981132075,106
PstI.TP1029730,4,59112616,0.686649216052563,NA,0.0660377358490566,106
PstI.TP1168534,7,5203859,0.686882331884407,NA,0.150943396226415,106
PstI.TP682608,9,4453195,0.687017929521087,NA,0.0141509433962265,106
PstI.TP691225,1,9036250,0.687208525635368,NA,0.0188679245283019,106
PstI.TP628792,11,4413,0.687580019670057,NA,0.0330188679245284,106
PstI.TP357677,1,76102511,0.68771520684184,NA,0.358490566037736,106
PstI.TP13650,1,1521127,0.688330350759973,NA,0.0424528301886792,106
PstI.TP928135,1,5502147,0.688560129391198,NA,0.0377358490566038,106
NsiI.TP438086,11,14230,0.688625525299565,NA,0.0235849056603774,106
PstI.TP951441,3,53917406,0.689191829780393,NA,0.0943396226415094,106
PstI.TP982467,3,55023479,0.689245755192504,NA,0.193396226415094,106
PstI.TP1129801,1,6608649,0.689971556363698,NA,0.193396226415094,106
PstI.TP1137784,7,10078994,0.69027249338616,NA,0.306603773584906,106
NsiI.TP424524,11,13911,0.690280368855618,NA,0.169811320754717,106
NsiI.TP445017,9,55901846,0.690481187248063,NA,0.495283018867924,106
PstI.TP944343,8,51918904,0.690517355876191,NA,0.113207547169811,106
PstI.TP455545,1,75986610,0.691022590409197,NA,0.452830188679245,106
PstI.TP862620,9,56791733,0.69142564149757,NA,0.0188679245283019,106
PstI.TP201295,9,47612492,0.691886983944178,NA,0.0188679245283019,106
PstI.TP27497,8,4736106,0.692120789127838,NA,0.0330188679245283,106
PstI.TP18079,6,50586809,0.692705810755573,NA,0.0943396226415094,106
PstI.TP1164205,3,4663279,0.692898031581868,NA,0.0283018867924528,106
PstI.TP708436,1,73266549,0.692964043431025,NA,0.0141509433962264,106
PstI.TP100651,11,821,0.693106931336193,NA,0.457547169811321,106
PstI.TP532337,9,50600056,0.693747533795983,NA,0.0424528301886792,106
NsiI.TP171776,11,11035,0.694035534107069,NA,0.358490566037736,106
PstI.TP1116131,9,50580835,0.694124292639633,NA,0.0377358490566038,106
PstI.TP91130,1,72585815,0.694192006632602,NA,0.19811320754717,106
NsiI.TP747801,6,56539544,0.694319568251554,NA,0.0188679245283019,106
NsiI.TP588659,4,60147038,0.694786669692502,NA,0.113207547169811,106
NsiI.TP336547,6,58396661,0.694987578759509,NA,0.0943396226415094,106
PstI.TP180894,11,1482,0.695138128335083,NA,0.0377358490566038,106
PstI.TP220835,7,52243610,0.696198895171312,NA,0.287735849056604,106
PstI.TP893577,6,53399705,0.696946273938613,NA,0.231132075471698,106
NsiI.TP774307,3,3883631,0.69733534122566,NA,0.122641509433962,106
NsiI.TP73031,10,3314572,0.697395360191186,NA,0.188679245283019,106
PstI.TP280352,11,2259,0.697771741376831,NA,0.273584905660377,106
NsiI.TP443948,11,14365,0.698093449742732,NA,0.0235849056603774,106
PstI.TP725380,7,56007421,0.698137062029811,NA,0.089622641509434,106
NsiI.TP519945,7,63563357,0.698503913342573,NA,0.0424528301886792,106
NsiI.TP763660,1,66404152,0.698651573595088,NA,0.089622641509434,106
PstI.TP254236,11,2071,0.69872423453749,NA,0.0424528301886793,106
PstI.TP28660,9,1970845,0.698946666037841,NA,0.0471698113207547,106
NsiI.TP282949,9,3514826,0.699658045368802,NA,0.0613207547169812,106
PstI.TP829793,10,5798289,0.699711968462587,NA,0.0283018867924528,106
NsiI.TP766057,7,61710211,0.699797204449733,NA,0.0990566037735849,106
PstI.TP720344,6,53705499,0.700364413376597,NA,0.10377358490566,106
PstI.TP1041006,1,57001520,0.700735784820888,NA,0.174528301886792,106
PstI.TP364873,11,2882,0.700956838766761,NA,0.0707547169811321,106
PstI.TP1097359,11,7675,0.701468069023503,NA,0.0330188679245283,106
PstI.TP345529,6,60263361,0.701935119620385,NA,0.0471698113207547,106
PstI.TP188432,6,45727130,0.702007761898281,NA,0.0188679245283019,106
PstI.TP183270,4,51849104,0.702399197783467,NA,0.117924528301887,106
NsiI.TP525744,7,23934235,0.702828351500635,NA,0.0471698113207547,106
PstI.TP494387,1,70689700,0.702911572438375,NA,0.0235849056603774,106
PstI.TP897141,8,9711467,0.703053044484293,NA,0.132075471698113,106
PstI.TP888368,3,63337334,0.70308681738297,NA,0.080188679245283,106
PstI.TP653230,3,4507877,0.70317896192307,NA,0.0849056603773585,106
NsiI.TP700854,9,54986378,0.70329654712634,NA,0.108490566037736,106
PstI.TP930201,7,30412154,0.704043152222114,NA,0.0188679245283019,106
PstI.TP151981,10,54680742,0.704419069884922,NA,0.424528301886792,106
NsiI.TP556033,1,5459542,0.704447137172256,NA,0.155660377358491,106
PstI.TP1189247,10,57554144,0.705043423754142,NA,0.0377358490566038,106
PstI.TP1001875,1,9929490,0.705147555553334,NA,0.0188679245283019,106
PstI.TP738055,7,61683923,0.706144004853681,NA,0.10377358490566,106
PstI.TP1067511,9,52058611,0.706216650936881,NA,0.10377358490566,106
PstI.TP141279,11,12718,0.706279172660603,NA,0.127358490566038,106
NsiI.TP111578,3,51972260,0.706775099824295,NA,0.259433962264151,106
PstI.TP1120910,2,2555547,0.706793108495067,NA,0.169811320754717,106
PstI.TP759023,6,46253378,0.707045632596711,NA,0.5,106
NsiI.TP459852,11,14614,0.707162055993689,NA,0.438679245283019,106
PstI.TP1020853,1,66882875,0.707351430928525,NA,0.235849056603774,106
PstI.TP474390,7,15569290,0.707352268825401,NA,0.316037735849057,106
NsiI.TP366177,11,13171,0.70782580754334,NA,0.264150943396226,106
PstI.TP814688,2,72959515,0.707948825302668,NA,0.0141509433962265,106
PstI.TP781181,4,64170054,0.707999553628322,NA,0.19811320754717,106
PstI.TP777254,11,5366,0.708108503730851,NA,0.0943396226415094,106
NsiI.TP333996,10,9989985,0.708164533716966,NA,0.25,106
PstI.TP1198803,4,2512141,0.70821211035506,NA,0.481132075471698,106
PstI.TP906047,3,4276001,0.708311389231212,NA,0.089622641509434,106
PstI.TP39347,5,2639610,0.708786847485225,NA,0.278301886792453,106
PstI.TP341272,3,59500037,0.708952788263957,NA,0.0849056603773585,106
PstI.TP299690,1,69193739,0.709183003340677,NA,0.117924528301887,106
PstI.TP669233,7,65085026,0.709245259367017,NA,0.080188679245283,106
PstI.TP716618,1,918921,0.709376068974814,NA,0.0283018867924528,106
PstI.TP915538,11,6398,0.709680519190065,NA,0.0613207547169812,106
PstI.TP713994,7,60699922,0.709922793978004,NA,0.372641509433962,106
PstI.TP1260916,1,71157310,0.709957609795417,NA,0.0235849056603774,106
PstI.TP1147160,7,44396170,0.710533677461484,NA,0.457547169811321,106
PstI.TP297863,10,57956117,0.710687808918903,NA,0.306603773584906,106
PstI.TP710636,6,45894338,0.710939492577905,NA,0.202830188679245,106
PstI.TP447641,10,6043610,0.711029958774384,NA,0.127358490566038,106
PstI.TP1114610,11,7809,0.711169456618426,NA,0.405660377358491,106
PstI.TP596173,6,60494225,0.711200713305934,NA,0.44811320754717,106
NsiI.TP260920,2,65684606,0.71167907177369,NA,0.0471698113207547,106
NsiI.TP547633,4,2054665,0.711713929094233,NA,0.297169811320755,106
PstI.TP478429,4,15891301,0.712006468307288,NA,0.122641509433962,106
PstI.TP1003032,5,67237553,0.712252923345705,NA,0.0424528301886793,106
PstI.TP1288084,1,11935767,0.712375305143757,NA,0.136792452830189,106
NsiI.TP304101,1,22335385,0.712399761914931,NA,0.0424528301886793,106
PstI.TP386967,11,3022,0.712471138419053,NA,0.0707547169811321,106
PstI.TP857726,4,55633086,0.712787605527624,NA,0.089622641509434,106
PstI.TP338409,6,59229037,0.713000572373616,NA,0.0660377358490566,106
PstI.TP1025940,6,51870695,0.71317955996281,NA,0.155660377358491,106
PstI.TP1131100,1,75760470,0.713608909139789,NA,0.358490566037736,106
NsiI.TP745333,10,8344908,0.713932452040965,NA,0.0141509433962265,106
NsiI.TP486192,11,14994,0.714148506857509,NA,0.0377358490566038,106
PstI.TP162371,3,69081917,0.714289267263946,NA,0.089622641509434,106
PstI.TP142505,3,63747083,0.71453254949792,NA,0.268867924528302,106
PstI.TP1193013,6,60825902,0.715524773983713,NA,0.108490566037736,106
PstI.TP923354,5,13005905,0.71553640329217,NA,0.188679245283019,106
PstI.TP286748,1,49731278,0.716131551773507,NA,0.0377358490566038,106
PstI.TP676134,9,57652835,0.716333427017812,NA,0.0990566037735849,106
PstI.TP706555,5,53845438,0.716562401377195,NA,0.0330188679245284,106
NsiI.TP619276,3,4447263,0.716644651412702,NA,0.0849056603773585,106
PstI.TP673266,10,7053304,0.716806763538409,NA,0.0235849056603774,106
PstI.TP44348,2,61688094,0.717134449759895,NA,0.127358490566038,106
PstI.TP36329,1,8029204,0.717313525948192,NA,0.0283018867924528,106
PstI.TP1158976,4,67567545,0.717455970095314,NA,0.0707547169811321,106
PstI.TP1179994,9,52362266,0.717506306161187,NA,0.0566037735849056,106
PstI.TP270470,2,68616120,0.71795010322919,NA,0.0188679245283019,106
PstI.TP543247,4,5947998,0.718165795169335,NA,0.0660377358490566,106
PstI.TP568504,4,65671693,0.718324450804423,NA,0.150943396226415,106
NsiI.TP429732,11,14030,0.718398225284442,NA,0.0188679245283019,106
PstI.TP318338,3,67023794,0.718553023436076,NA,0.0424528301886793,106
PstI.TP87823,2,12499508,0.718668161031836,NA,0.141509433962264,106
PstI.TP791364,11,5478,0.718980423333552,NA,0.0801886792452831,106
NsiI.TP96017,11,10177,0.719421380869697,NA,0.19811320754717,106
PstI.TP450478,3,63412067,0.719969252406179,NA,0.0283018867924528,106
PstI.TP761159,4,5265528,0.720675602578411,NA,0.0518867924528302,106
PstI.TP989059,4,54451954,0.720823070735329,NA,0.080188679245283,106
PstI.TP786567,1,65736737,0.721024037673264,NA,0.334905660377358,106
PstI.TP309283,1,56385216,0.721317420760826,NA,0.0235849056603774,106
PstI.TP1275124,11,8980,0.721365822125722,NA,0.183962264150943,106
PstI.TP1068006,3,51034769,0.721998851649595,NA,0.268867924528302,106
PstI.TP773708,3,70577510,0.722664570323204,NA,0.316037735849057,106
PstI.TP510832,1,18167351,0.723486829926834,NA,0.0613207547169812,106
PstI.TP747280,5,12790396,0.723711858340069,NA,0.0613207547169811,106
PstI.TP1079268,4,62919464,0.724274974779555,NA,0.245283018867924,106
NsiI.TP640755,2,16850781,0.724321066012647,NA,0.0613207547169811,106
PstI.TP1056322,11,7354,0.724383422706907,NA,0.0377358490566038,106
PstI.TP129649,11,1089,0.724388512959053,NA,0.136792452830189,106
NsiI.TP67325,11,9929,0.72458051075176,NA,0.0188679245283019,106
PstI.TP883992,10,15306166,0.724653641610812,NA,0.287735849056604,106
PstI.TP894843,11,6239,0.724656280333793,NA,0.0566037735849057,106
PstI.TP1106149,1,10181736,0.724932793354335,NA,0.183962264150943,106
PstI.TP521219,6,56106355,0.725128009243964,NA,0.377358490566038,106
PstI.TP1161603,11,8156,0.725408568946657,NA,0.0943396226415094,106
PstI.TP934142,4,194652,0.726018455647193,NA,0.226415094339623,106
PstI.TP271997,7,1839611,0.726359559415115,NA,0.283018867924528,106
PstI.TP697322,2,55713623,0.726424145859778,NA,0.0330188679245284,106
PstI.TP613604,11,4323,0.726484706295736,NA,0.25,106
PstI.TP525810,11,3923,0.726588282769025,NA,0.117924528301887,106
PstI.TP418753,4,61701153,0.726692405215116,NA,0.0188679245283019,106
PstI.TP819907,6,6739141,0.727102587835326,NA,0.169811320754717,106
PstI.TP987666,2,62343916,0.727237303585122,NA,0.089622641509434,106
PstI.TP91271,11,770,0.727365045429672,NA,0.0518867924528302,106
PstI.TP13101,10,5083417,0.72740279603888,NA,0.0188679245283019,106
PstI.TP541399,9,58259418,0.728230274159114,NA,0.193396226415094,106
PstI.TP508638,6,60618174,0.728359486329879,NA,0.160377358490566,106
NsiI.TP521432,7,63757970,0.7284002726517,NA,0.0283018867924528,106
PstI.TP920988,8,59203441,0.728462802257904,NA,0.0330188679245283,106
PstI.TP83640,5,56109668,0.729025445234863,NA,0.0471698113207547,106
PstI.TP179992,3,65808212,0.729253685007462,NA,0.132075471698113,106
PstI.TP876478,11,6115,0.729324332832502,NA,0.0283018867924528,106
PstI.TP619305,1,79505879,0.730710103785959,NA,0.136792452830189,106
PstI.TP54669,11,453,0.730778691733772,NA,0.10377358490566,106
PstI.TP847369,7,8209705,0.731037091310475,NA,0.0283018867924528,106
PstI.TP215008,2,58877475,0.731671665845145,NA,0.443396226415094,106
NsiI.TP323678,11,12681,0.732278803010703,NA,0.0518867924528302,106
PstI.TP328277,11,2601,0.732515812199282,NA,0.0613207547169811,106
PstI.TP244901,11,1997,0.732612819636478,NA,0.122641509433962,106
NsiI.TP457548,1,76928921,0.732734192595708,NA,0.231132075471698,106
PstI.TP492586,3,7659432,0.732970323472724,NA,0.0943396226415094,106
PstI.TP1194392,6,57534861,0.73342000850967,NA,0.0283018867924528,106
PstI.TP1133775,1,23057893,0.733892248841815,NA,0.10377358490566,106
PstI.TP461080,3,29174937,0.734274703206743,NA,0.089622641509434,106
PstI.TP961085,1,3705536,0.734292382127892,NA,0.363207547169811,106
NsiI.TP443225,11,14351,0.734529249469915,NA,0.0754716981132075,106
PstI.TP397772,10,13563411,0.734535041168267,NA,0.169811320754717,106
PstI.TP842611,11,5834,0.734956194665456,NA,0.495283018867924,106
PstI.TP1086412,2,16857975,0.73495861314404,NA,0.0754716981132075,106
NsiI.TP128214,10,52490885,0.735641891357458,NA,0.0566037735849057,106
PstI.TP817132,11,5654,0.73570802339533,NA,0.0943396226415094,106
PstI.TP83740,4,66329319,0.73585151426081,NA,0.10377358490566,106
PstI.TP1137764,1,7486769,0.735923974823747,NA,0.0660377358490566,106
PstI.TP70600,9,46098921,0.736203300463102,NA,0.452830188679245,106
PstI.TP153239,11,1266,0.736222154765963,NA,0.0188679245283019,106
PstI.TP794138,11,5493,0.736348340771329,NA,0.113207547169811,106
PstI.TP339945,11,2686,0.737093522994305,NA,0.0613207547169811,106
PstI.TP358095,4,78261,0.73727870795623,NA,0.165094339622642,106
PstI.TP84561,6,1850636,0.737541915245649,NA,0.0141509433962265,106
PstI.TP60269,11,509,0.737785667610938,NA,0.0990566037735849,106
PstI.TP306310,1,58165810,0.737942741008016,NA,0.0424528301886792,106
PstI.TP123271,10,60309221,0.73831803349192,NA,0.0660377358490566,106
PstI.TP871336,1,69055455,0.738414685874822,NA,0.0707547169811321,106
PstI.TP288752,6,3050548,0.73857464373697,NA,0.127358490566038,106
NsiI.TP712037,1,67933970,0.739032039546983,NA,0.35377358490566,106
PstI.TP1004277,3,73886342,0.739391519528903,NA,0.0377358490566038,106
PstI.TP474225,2,71358734,0.739420981075893,NA,0.231132075471698,106
PstI.TP625512,4,7338212,0.73971646016827,NA,0.334905660377358,106
NsiI.TP161456,9,9793365,0.740113466040875,NA,0.216981132075472,106
PstI.TP870602,9,49267255,0.740364157756916,NA,0.0613207547169812,106
PstI.TP852297,1,72235992,0.740634519648463,NA,0.330188679245283,106
PstI.TP454165,7,1503587,0.741354257927776,NA,0.0283018867924528,106
PstI.TP210723,6,53519176,0.741445258842797,NA,0.35377358490566,106
NsiI.TP83928,6,48792860,0.741565908262126,NA,0.245283018867925,106
PstI.TP402269,2,27615402,0.74164257617295,NA,0.400943396226415,106
NsiI.TP452078,11,14486,0.742098160063198,NA,0.155660377358491,106
PstI.TP464884,11,3541,0.742459478079421,NA,0.0566037735849057,106
NsiI.TP42801,4,59521749,0.742693863904707,NA,0.0566037735849056,106
PstI.TP258589,3,59776102,0.742934320034816,NA,0.0566037735849056,106
PstI.TP77203,9,53724314,0.743022858563699,NA,0.188679245283019,106
NsiI.TP543207,11,15826,0.743096316774323,NA,0.183962264150943,106
PstI.TP40244,11,333,0.743107459629255,NA,0.202830188679245,106
PstI.TP187778,4,55772813,0.743301352804397,NA,0.0707547169811321,106
PstI.TP12971,7,63081914,0.743484956882817,NA,0.245283018867924,106
PstI.TP1171031,3,58321376,0.743531014713923,NA,0.0471698113207547,106
PstI.TP168491,11,1382,0.74399635825986,NA,0.0235849056603774,106
PstI.TP787593,1,67474277,0.744002929116821,NA,0.117924528301887,106
PstI.TP15780,9,56211895,0.744268456522476,NA,0.165094339622642,106
PstI.TP856277,7,60248536,0.744371670670255,NA,0.0377358490566038,106
PstI.TP603308,3,57422067,0.744432650801236,NA,0.0518867924528302,106
PstI.TP287023,4,61471174,0.744505017866094,NA,0.0235849056603774,106
PstI.TP928995,11,6499,0.744696820665577,NA,0.0801886792452831,106
PstI.TP913069,7,37614334,0.744834722143443,NA,0.132075471698113,106
PstI.TP19278,10,7138937,0.744910746031452,NA,0.495283018867924,106
NsiI.TP148161,11,10751,0.745257738090681,NA,0.0188679245283019,106
PstI.TP1215769,6,60047342,0.74547761124007,NA,0.415094339622642,106
NsiI.TP133942,3,65486201,0.746396326683895,NA,0.0235849056603774,106
PstI.TP544748,1,73791429,0.746457205162387,NA,0.080188679245283,106
PstI.TP227133,2,71118714,0.746553074003506,NA,0.089622641509434,106
PstI.TP158908,11,1303,0.746801128271037,NA,0.117924528301887,106
PstI.TP64510,4,58593795,0.746949355672112,NA,0.0660377358490566,106
PstI.TP10997,6,57974142,0.747107232063622,NA,0.089622641509434,106
PstI.TP49251,8,52811353,0.747167810000627,NA,0.339622641509434,106
PstI.TP364228,9,56945624,0.747219486085341,NA,0.193396226415094,106
PstI.TP1047533,10,57105290,0.747273577012317,NA,0.0518867924528302,106
PstI.TP443586,1,7215893,0.747830661902157,NA,0.325471698113208,106
PstI.TP982615,2,63682812,0.748284771615607,NA,0.471698113207547,106
PstI.TP128515,4,57065304,0.748296027831275,NA,0.0235849056603774,106
PstI.TP475994,11,3613,0.748335627036501,NA,0.169811320754717,106
PstI.TP308187,2,60112794,0.748508214578262,NA,0.160377358490566,106
PstI.TP434991,9,46360203,0.748538517392227,NA,0.424528301886792,106
PstI.TP282598,10,55748349,0.748632305756406,NA,0.0188679245283019,106
NsiI.TP101365,10,58707662,0.748697297369314,NA,0.372641509433962,106
NsiI.TP204910,2,65965770,0.748930131127374,NA,0.0424528301886793,106
PstI.TP69372,11,576,0.749625006606494,NA,0.14622641509434,106
NsiI.TP754833,11,18397,0.749916383744497,NA,0.0566037735849056,106
PstI.TP1245357,1,6748280,0.749936665348885,NA,0.0754716981132075,106
PstI.TP464751,4,61061436,0.750054552887364,NA,0.0283018867924528,106
PstI.TP671157,3,67539833,0.750143956142796,NA,0.0283018867924528,106
PstI.TP945872,7,60295761,0.75060515800824,NA,0.179245283018868,106
PstI.TP82280,11,688,0.750652949191311,NA,0.0330188679245283,106
PstI.TP698941,11,4832,0.750748197283162,NA,0.0188679245283019,106
PstI.TP842278,6,59205393,0.750854485258286,NA,0.165094339622642,106
NsiI.TP702580,3,2998523,0.750901341798749,NA,0.433962264150943,106
PstI.TP793079,3,52368295,0.751150470955178,NA,0.122641509433962,106
NsiI.TP173290,11,11048,0.751364956187738,NA,0.0330188679245284,106
PstI.TP825325,11,5705,0.75142063957406,NA,0.481132075471698,106
NsiI.TP397133,11,13501,0.751546809356362,NA,0.122641509433962,106
PstI.TP1032679,4,63918789,0.751609615664446,NA,0.0424528301886793,106
PstI.TP466696,7,65099577,0.751675855828429,NA,0.0188679245283019,106
PstI.TP868524,11,6061,0.751923675694481,NA,0.188679245283019,106
PstI.TP69498,1,66230707,0.751939983323527,NA,0.0471698113207547,106
PstI.TP663427,1,70529598,0.75196513389284,NA,0.080188679245283,106
PstI.TP120297,4,64404036,0.752358543049196,NA,0.0330188679245283,106
PstI.TP150197,1,30650620,0.752387763687447,NA,0.0613207547169812,106
PstI.TP33096,6,3180162,0.752906822001926,NA,0.108490566037736,106
NsiI.TP482724,3,2931654,0.752963864074608,NA,0.0424528301886793,106
NsiI.TP733536,3,17102485,0.753054332235158,NA,0.0141509433962265,106
PstI.TP390264,6,57802308,0.75308588582065,NA,0.122641509433962,106
PstI.TP364783,2,65488173,0.753392508944096,NA,0.089622641509434,106
NsiI.TP99626,9,55446767,0.75343456449634,NA,0.0943396226415094,106
PstI.TP580104,2,5389101,0.753800947368498,NA,0.122641509433962,106
PstI.TP213720,3,5231540,0.754279710055587,NA,0.0141509433962265,106
PstI.TP493468,2,4347785,0.754944978890071,NA,0.179245283018868,106
NsiI.TP193636,10,1673963,0.755195497399703,NA,0.221698113207547,106
NsiI.TP150977,8,56487771,0.755218330200829,NA,0.10377358490566,106
PstI.TP871221,6,51418361,0.755225284006809,NA,0.0330188679245284,106
NsiI.TP476564,10,8685679,0.755305679061698,NA,0.117924528301887,106
PstI.TP1093731,2,67823974,0.755548680766043,NA,0.0849056603773585,106
PstI.TP364809,4,67585082,0.755712809314772,NA,0.0849056603773585,106
PstI.TP861895,3,12987175,0.755839016124234,NA,0.0754716981132075,106
NsiI.TP760095,1,71718657,0.756335988139132,NA,0.0754716981132075,106
PstI.TP415065,3,55917740,0.756675849917119,NA,0.0188679245283019,106
PstI.TP1152455,11,8094,0.756689781443957,NA,0.0377358490566038,106
PstI.TP727705,4,2828636,0.756829365492562,NA,0.231132075471698,106
PstI.TP1047587,1,73170480,0.757278545069633,NA,0.0849056603773585,106
NsiI.TP272441,11,12149,0.75735546306273,NA,0.278301886792453,106
PstI.TP78045,11,652,0.75756242368773,NA,0.0424528301886793,106
PstI.TP51816,4,64961913,0.757694784363241,NA,0.264150943396226,106
PstI.TP121587,7,7568149,0.757712204121312,NA,0.0330188679245284,106
PstI.TP649005,5,24767427,0.757820935477149,NA,0.0235849056603774,106
PstI.TP148680,1,67724801,0.758144929175193,NA,0.264150943396226,106
PstI.TP967803,3,73321934,0.758365458679528,NA,0.382075471698113,106
PstI.TP835148,1,11456164,0.758393853696711,NA,0.0943396226415094,106
PstI.TP11764,6,47759215,0.75871959814465,NA,0.0754716981132075,106
NsiI.TP700374,1,68176238,0.759010378265107,NA,0.0283018867924528,106
PstI.TP841428,1,6731433,0.759140784016881,NA,0.0141509433962264,106
PstI.TP323026,1,10477035,0.759168386800967,NA,0.0141509433962265,106
PstI.TP544270,8,58554756,0.759514889709496,NA,0.0424528301886792,106
PstI.TP637513,7,61758322,0.759775011616138,NA,0.25,106
NsiI.TP179387,1,79906287,0.759982506544899,NA,0.415094339622642,106
PstI.TP1023458,11,7107,0.760330591171829,NA,0.0849056603773585,106
PstI.TP410616,11,3179,0.760727205078512,NA,0.0188679245283019,106
PstI.TP649912,6,51348089,0.760752912759812,NA,0.216981132075472,106
PstI.TP256025,6,39923562,0.760870775236531,NA,0.424528301886792,106
PstI.TP221089,1,77184045,0.761096227911043,NA,0.169811320754717,106
PstI.TP963405,3,67810374,0.761270972820532,NA,0.0330188679245284,106
PstI.TP7177,7,19883599,0.761559448642206,NA,0.0283018867924528,106
PstI.TP628241,11,4409,0.761998917911056,NA,0.113207547169811,106
NsiI.TP45237,11,9692,0.762099858830599,NA,0.471698113207547,106
PstI.TP578565,2,63409175,0.762214174806116,NA,0.0943396226415094,106
NsiI.TP575349,11,16258,0.76223829663341,NA,0.0990566037735849,106
NsiI.TP727325,1,9821700,0.763445270529877,NA,0.0613207547169812,106
NsiI.TP396954,4,60072885,0.763869441113645,NA,0.0707547169811321,106
NsiI.TP740377,11,18196,0.763927779499067,NA,0.264150943396226,106
NsiI.TP132109,2,72971977,0.76414376995792,NA,0.10377358490566,106
PstI.TP780145,9,54592677,0.764207908643994,NA,0.127358490566038,106
PstI.TP1256502,1,23777666,0.764807747908691,NA,0.0471698113207547,106
NsiI.TP449489,7,64098895,0.764991173198469,NA,0.141509433962264,106
PstI.TP1179516,2,57731330,0.765067811935615,NA,0.0283018867924528,106
NsiI.TP484767,11,14966,0.765180003876003,NA,0.0330188679245284,106
NsiI.TP766775,11,18578,0.765302192913722,NA,0.108490566037736,106
PstI.TP801278,6,48713165,0.765574220237631,NA,0.0660377358490566,106
NsiI.TP416783,6,47943271,0.76610231724008,NA,0.0424528301886793,106
PstI.TP1136227,9,52020995,0.766226408599274,NA,0.0707547169811321,106
NsiI.TP503329,4,52418045,0.766399134158313,NA,0.160377358490566,106
PstI.TP1281372,4,65195494,0.766870871249258,NA,0.278301886792453,106
NsiI.TP196066,11,11300,0.767088294768075,NA,0.150943396226415,106
PstI.TP702574,6,57893505,0.767132344990266,NA,0.0283018867924528,106
NsiI.TP812501,11,19090,0.767602498914117,NA,0.0283018867924528,106
PstI.TP66363,11,553,0.76771788141048,NA,0.0377358490566038,106
PstI.TP543648,1,22275588,0.76788081605875,NA,0.089622641509434,106
PstI.TP40961,11,345,0.768021159125265,NA,0.245283018867925,106
PstI.TP265447,10,6324176,0.768224869675943,NA,0.476415094339623,106
PstI.TP867155,1,7342618,0.768542125220022,NA,0.080188679245283,106
PstI.TP1064497,2,69620927,0.769112244922678,NA,0.0235849056603774,106
PstI.TP875104,3,1447825,0.769133791625846,NA,0.39622641509434,106
PstI.TP745177,11,5144,0.769136217803022,NA,0.0188679245283019,106
PstI.TP619468,11,4343,0.770218118308587,NA,0.0188679245283019,106
PstI.TP930877,3,74253026,0.771163781193724,NA,0.0990566037735849,106
PstI.TP1172225,6,3890042,0.771442797658037,NA,0.0188679245283019,106
PstI.TP907404,1,18035898,0.771466747018115,NA,0.0188679245283019,106
NsiI.TP422411,3,70832262,0.772413265134483,NA,0.0471698113207547,106
NsiI.TP561476,3,6721083,0.772417850541381,NA,0.273584905660377,106
NsiI.TP41313,6,59886024,0.772535131895484,NA,0.174528301886792,106
PstI.TP794443,11,5495,0.772546340155603,NA,0.155660377358491,106
PstI.TP521628,11,3899,0.77277661617745,NA,0.193396226415094,106
PstI.TP1027083,4,64254345,0.773294553736376,NA,0.0141509433962264,106
PstI.TP617376,4,63931951,0.773623054431977,NA,0.0707547169811321,106
NsiI.TP459012,1,67058618,0.773682529939308,NA,0.0283018867924528,106
PstI.TP135750,8,2838380,0.773759159581349,NA,0.0613207547169811,106
PstI.TP436643,11,3344,0.773771386933429,NA,0.0424528301886792,106
PstI.TP130695,11,1099,0.77467755292773,NA,0.0471698113207547,106
PstI.TP445858,1,57330069,0.775502077741038,NA,0.0188679245283019,106
NsiI.TP458777,4,63858606,0.775691827982716,NA,0.0188679245283019,106
PstI.TP74852,9,55541743,0.776308151147358,NA,0.174528301886792,106
PstI.TP197677,1,65249144,0.776751923999738,NA,0.334905660377358,106
PstI.TP846678,4,6665204,0.777030886235154,NA,0.221698113207547,106
PstI.TP324481,3,51536521,0.777169061083546,NA,0.0660377358490566,106
NsiI.TP550937,11,15932,0.777185192344678,NA,0.419811320754717,106
PstI.TP473065,1,14979768,0.777191805845667,NA,0.325471698113208,106
NsiI.TP535064,11,15752,0.777372400675125,NA,0.0235849056603774,106
PstI.TP849286,3,10316458,0.777551633109604,NA,0.259433962264151,106
PstI.TP446471,10,19412076,0.777661547653553,NA,0.0801886792452831,106
PstI.TP339315,1,63808218,0.778223740714752,NA,0.0141509433962264,106
PstI.TP1178670,4,54185,0.778357063180519,NA,0.0283018867924528,106
PstI.TP702779,7,56779453,0.778518124554772,NA,0.127358490566038,106
PstI.TP1014707,1,60949616,0.778563551235816,NA,0.207547169811321,106
PstI.TP585747,7,57701465,0.778943447998036,NA,0.0801886792452831,106
NsiI.TP825259,11,19257,0.779154428442589,NA,0.216981132075472,106
PstI.TP997652,1,64799296,0.779405552989955,NA,0.273584905660377,106
PstI.TP587504,7,63222407,0.779468874322474,NA,0.0377358490566038,106
PstI.TP460053,3,12467100,0.779803132977504,NA,0.0330188679245283,106
PstI.TP935978,4,62874103,0.780504230896851,NA,0.0613207547169812,106
PstI.TP726878,1,13263594,0.780599134234389,NA,0.136792452830189,106
PstI.TP352738,6,56528676,0.780977929440503,NA,0.0330188679245284,106
PstI.TP76191,2,58722393,0.781190269318179,NA,0.0471698113207547,106
PstI.TP899837,4,2894449,0.781520228494104,NA,0.405660377358491,106
PstI.TP944548,7,8285238,0.78160243314483,NA,0.0518867924528302,106
NsiI.TP77592,4,62215488,0.781798018778224,NA,0.183962264150943,106
PstI.TP776110,6,55103901,0.782005275101479,NA,0.391509433962264,106
NsiI.TP27348,10,8026434,0.782072843127969,NA,0.0613207547169811,106
NsiI.TP729839,2,18540344,0.783069230950076,NA,0.0943396226415094,106
PstI.TP799973,3,72401926,0.783077614136346,NA,0.0235849056603774,106
PstI.TP643018,3,13625505,0.783153538555244,NA,0.0283018867924528,106
NsiI.TP362814,2,4591437,0.783169911982045,NA,0.0801886792452831,106
NsiI.TP447267,6,60469529,0.783251306636413,NA,0.0235849056603774,106
NsiI.TP281134,3,1974705,0.783482894833643,NA,0.0471698113207547,106
PstI.TP1229912,11,8667,0.783607076158117,NA,0.0849056603773585,106
PstI.TP847969,11,5876,0.783670442538591,NA,0.0518867924528302,106
PstI.TP942427,10,56551535,0.783761636426436,NA,0.0330188679245284,106
PstI.TP144683,4,68197743,0.784629637201562,NA,0.212264150943396,106
NsiI.TP831705,10,15327296,0.784784479556085,NA,0.0990566037735849,106
PstI.TP308255,10,53225710,0.785220689473469,NA,0.39622641509434,106
PstI.TP997136,9,54968532,0.785410047455979,NA,0.0283018867924528,106
PstI.TP198015,3,67910785,0.785588498182246,NA,0.0660377358490566,106
PstI.TP112916,8,60207153,0.785628532610411,NA,0.0424528301886793,106
PstI.TP858165,6,48555209,0.785894140690151,NA,0.221698113207547,106
PstI.TP91211,1,10530796,0.785938673753582,NA,0.165094339622642,106
PstI.TP428256,1,63323451,0.786491476796779,NA,0.0849056603773585,106
PstI.TP229079,11,1881,0.786985052616836,NA,0.117924528301887,106
NsiI.TP88778,1,64177819,0.787425708048922,NA,0.0330188679245283,106
PstI.TP547023,2,75564773,0.78802557927956,NA,0.0613207547169812,106
NsiI.TP507550,2,68083311,0.78806517302255,NA,0.183962264150943,106
PstI.TP154327,3,6603820,0.788145058992518,NA,0.202830188679245,106
PstI.TP1153923,3,72256661,0.788226063147572,NA,0.0377358490566038,106
PstI.TP1235985,1,62443684,0.789129091162914,NA,0.150943396226415,106
PstI.TP1167747,1,56262223,0.789201090315403,NA,0.0707547169811321,106
NsiI.TP155253,6,58595723,0.789326056374969,NA,0.363207547169811,106
NsiI.TP26544,11,9413,0.789378795120744,NA,0.0235849056603774,106
NsiI.TP208425,2,68199092,0.789597330642859,NA,0.0283018867924528,106
PstI.TP383939,2,56907410,0.789811006540881,NA,0.0613207547169811,106
NsiI.TP615077,11,16711,0.789885891116684,NA,0.0943396226415094,106
NsiI.TP360954,3,70051979,0.789967984362621,NA,0.0188679245283019,106
PstI.TP890825,3,60812107,0.79007996503558,NA,0.132075471698113,106
PstI.TP852023,4,51121423,0.790237920880785,NA,0.0707547169811321,106
NsiI.TP29793,2,77504514,0.790354579644172,NA,0.0141509433962264,106
PstI.TP505880,2,56476216,0.79041553739052,NA,0.113207547169811,106
NsiI.TP135257,11,10636,0.790479917338867,NA,0.0235849056603774,106
PstI.TP1104730,11,7734,0.790562660556975,NA,0.0235849056603774,106
NsiI.TP321288,11,12651,0.791408734660371,NA,0.179245283018868,106
PstI.TP968019,9,2402808,0.791545910077808,NA,0.0188679245283019,106
PstI.TP799542,5,1321222,0.791948324636115,NA,0.10377358490566,106
PstI.TP374511,1,3576636,0.792197837793827,NA,0.136792452830189,106
PstI.TP226867,4,60106689,0.792642175902522,NA,0.0424528301886793,106
PstI.TP147052,1,18036670,0.792818701338995,NA,0.0471698113207547,106
PstI.TP1060183,2,39474046,0.792849894775589,NA,0.0377358490566038,106
NsiI.TP211874,11,11486,0.792862652355162,NA,0.0330188679245283,106
PstI.TP272307,1,6679965,0.792890832325625,NA,0.278301886792453,106
NsiI.TP17682,6,43602171,0.793054712142701,NA,0.0141509433962265,106
NsiI.TP245242,10,15872817,0.793388152350892,NA,0.117924528301887,106
NsiI.TP415930,10,20420558,0.793543315803229,NA,0.0424528301886792,106
NsiI.TP37450,11,9566,0.793620058955344,NA,0.0141509433962265,106
PstI.TP159185,11,1305,0.793855221518124,NA,0.0566037735849057,106
NsiI.TP628103,11,16918,0.793925691590602,NA,0.0188679245283019,106
PstI.TP856970,1,78963659,0.794594361636589,NA,0.325471698113208,106
NsiI.TP442700,8,62545114,0.794849333378316,NA,0.188679245283019,106
NsiI.TP642549,7,5994953,0.795251366011252,NA,0.132075471698113,106
NsiI.TP293415,2,61309425,0.795252904472493,NA,0.0235849056603774,106
PstI.TP1126882,1,5115206,0.795409507065491,NA,0.0283018867924528,106
PstI.TP289449,11,2300,0.79546046848174,NA,0.141509433962264,106
PstI.TP349853,6,46386872,0.79555412474946,NA,0.264150943396226,106
NsiI.TP274412,4,61884326,0.795705619157682,NA,0.0330188679245284,106
NsiI.TP360142,3,60924217,0.795858417420798,NA,0.25,106
NsiI.TP403394,11,13552,0.795997214669658,NA,0.0283018867924528,106
NsiI.TP274179,10,8900947,0.796001741370565,NA,0.0754716981132075,106
PstI.TP106962,6,57047383,0.796630428556273,NA,0.0707547169811321,106
PstI.TP123530,10,7243969,0.79674973558643,NA,0.0566037735849057,106
NsiI.TP720528,9,50301855,0.796833845702502,NA,0.0141509433962264,106
PstI.TP1248463,2,52122902,0.797555260338018,NA,0.0283018867924528,106
NsiI.TP615807,6,27281645,0.797632347148168,NA,0.0471698113207547,106
PstI.TP16576,6,51508909,0.797966845973692,NA,0.0707547169811321,106
PstI.TP1105337,7,5792076,0.798711049813738,NA,0.0943396226415094,106
PstI.TP294664,1,78489046,0.798750732110907,NA,0.0141509433962264,106
PstI.TP1053336,1,3955998,0.798821652570414,NA,0.080188679245283,106
PstI.TP964708,6,55409617,0.799218461074082,NA,0.0660377358490566,106
PstI.TP769015,4,60173826,0.799542116146268,NA,0.122641509433962,106
NsiI.TP214519,1,71815536,0.79965559522196,NA,0.150943396226415,106
PstI.TP1287938,11,9078,0.79996925616309,NA,0.108490566037736,106
PstI.TP238084,3,7339640,0.800324693965252,NA,0.0754716981132075,106
PstI.TP982120,2,21428233,0.800709796620444,NA,0.0377358490566038,106
NsiI.TP51047,2,13453548,0.800734849379177,NA,0.0235849056603774,106
PstI.TP443245,1,9039678,0.800862789745876,NA,0.0943396226415094,106
PstI.TP1160855,2,61313736,0.801155595463225,NA,0.0283018867924528,106
NsiI.TP548701,2,61303127,0.801351077602739,NA,0.0471698113207547,106
PstI.TP1021190,10,58588164,0.801536307770022,NA,0.0377358490566038,106
PstI.TP1009864,11,7007,0.801588475199845,NA,0.0754716981132075,106
NsiI.TP300557,1,9206508,0.801712450070751,NA,0.0188679245283019,106
PstI.TP689286,2,73563234,0.801957334165858,NA,0.0377358490566038,106
NsiI.TP152452,5,18948809,0.802083934497264,NA,0.0613207547169812,106
PstI.TP588109,1,78200524,0.802398135034672,NA,0.188679245283019,106
PstI.TP367511,3,70822259,0.802662845266141,NA,0.0518867924528302,106
PstI.TP319342,5,71584607,0.802677894278393,NA,0.165094339622642,106
NsiI.TP585976,1,829048,0.802954841549054,NA,0.141509433962264,106
PstI.TP1045636,1,11697258,0.80298287202423,NA,0.127358490566038,106
PstI.TP213596,1,5408780,0.803160159946781,NA,0.193396226415094,106
PstI.TP52592,1,76810927,0.803457208128904,NA,0.183962264150943,106
PstI.TP770506,3,68857417,0.803587291615005,NA,0.0424528301886793,106
PstI.TP1104816,11,7736,0.804255101522418,NA,0.0377358490566038,106
PstI.TP1190717,11,8412,0.804446126895552,NA,0.0235849056603774,106
PstI.TP619787,3,65315228,0.80463527976736,NA,0.0754716981132075,106
PstI.TP916840,3,63298133,0.804867715697137,NA,0.0235849056603774,106
PstI.TP695158,2,55008713,0.805147790440539,NA,0.193396226415094,106
PstI.TP298371,1,19099334,0.805885879520085,NA,0.0943396226415094,106
NsiI.TP467841,3,4276212,0.806425382270528,NA,0.108490566037736,106
PstI.TP844985,2,58637331,0.806484872997228,NA,0.10377358490566,106
PstI.TP1022538,10,9427594,0.806594299100557,NA,0.306603773584906,106
NsiI.TP4875,2,72051507,0.80671375497818,NA,0.0377358490566038,106
PstI.TP802166,3,66915037,0.806737514723942,NA,0.0471698113207547,106
PstI.TP1266207,3,12109877,0.806898900180704,NA,0.0283018867924528,106
PstI.TP692281,2,56248202,0.807280036773705,NA,0.0707547169811321,106
PstI.TP1127482,4,66065155,0.807532630808968,NA,0.108490566037736,106
PstI.TP1246681,1,61289286,0.807603207713993,NA,0.0283018867924528,106
NsiI.TP470396,7,65424581,0.807634813453698,NA,0.19811320754717,106
PstI.TP216465,11,1763,0.807639119939127,NA,0.0188679245283019,106
PstI.TP1253448,10,49715585,0.807836325191851,NA,0.438679245283019,106
NsiI.TP218567,11,11576,0.807985345034062,NA,0.169811320754717,106
NsiI.TP457948,4,10479967,0.808143210663397,NA,0.136792452830189,106
NsiI.TP208703,6,60262934,0.808301064617901,NA,0.339622641509434,106
PstI.TP55941,6,51146867,0.808347547743772,NA,0.254716981132076,106
PstI.TP577735,2,9251583,0.808406911588635,NA,0.14622641509434,106
NsiI.TP267317,1,63808055,0.808453542175846,NA,0.471698113207547,106
NsiI.TP453156,4,66318126,0.808761323506925,NA,0.0235849056603774,106
NsiI.TP200630,4,61273341,0.809145942238328,NA,0.141509433962264,106
PstI.TP623632,8,15930657,0.809378523602019,NA,0.0613207547169812,106
PstI.TP1052207,11,7304,0.809464147069432,NA,0.179245283018868,106
PstI.TP84170,11,705,0.80970988567432,NA,0.080188679245283,106
PstI.TP290738,7,59825579,0.809826952031017,NA,0.25,106
PstI.TP11080,3,54738867,0.810102161112842,NA,0.0235849056603774,106
PstI.TP423103,6,55519159,0.810986827986816,NA,0.429245283018868,106
PstI.TP265643,1,21534801,0.811090910628699,NA,0.0235849056603774,106
PstI.TP486408,11,3684,0.811367850678292,NA,0.39622641509434,106
PstI.TP387467,6,55340504,0.811719603463165,NA,0.452830188679245,106
PstI.TP282657,10,58159508,0.812122776299705,NA,0.0235849056603774,106
PstI.TP403850,1,4535788,0.812193209798347,NA,0.0235849056603774,106
PstI.TP114440,6,51936004,0.812441037835989,NA,0.0943396226415094,106
PstI.TP100648,10,7512918,0.812630251679821,NA,0.0330188679245284,106
PstI.TP370682,11,2914,0.813021776222121,NA,0.0283018867924528,106
PstI.TP681191,6,51040947,0.813255124853089,NA,0.278301886792453,106
NsiI.TP213627,3,2064923,0.813628634645298,NA,0.0424528301886792,106
PstI.TP314454,11,2487,0.813804506291427,NA,0.216981132075472,106
PstI.TP390237,11,3043,0.814433295076502,NA,0.0424528301886793,106
NsiI.TP742731,8,4460101,0.815101134668032,NA,0.0943396226415094,106
NsiI.TP827851,4,12330408,0.815786773853152,NA,0.0330188679245283,106
PstI.TP863870,3,61525095,0.816099049486944,NA,0.0849056603773585,106
PstI.TP180949,1,70527436,0.816272008067528,NA,0.19811320754717,106
PstI.TP1054397,9,42375267,0.816332620286261,NA,0.169811320754717,106
NsiI.TP507777,4,67027562,0.816458600238017,NA,0.0801886792452831,106
PstI.TP145867,1,9990979,0.816711130251741,NA,0.0141509433962265,106
PstI.TP839656,4,11496765,0.816717238327637,NA,0.0188679245283019,106
NsiI.TP51483,11,9741,0.816806648434238,NA,0.141509433962264,106
PstI.TP286131,3,4213473,0.817181934328027,NA,0.0424528301886792,106
PstI.TP653791,11,4607,0.817273859292799,NA,0.0943396226415094,106
NsiI.TP557457,3,57953815,0.817564845738417,NA,0.0754716981132075,106
NsiI.TP764406,7,10813413,0.817983993301719,NA,0.0943396226415094,106
PstI.TP1014598,10,12353077,0.818219255427869,NA,0.127358490566038,106
PstI.TP1261238,6,41933973,0.818350546632221,NA,0.25,106
PstI.TP532535,10,53161445,0.818918738161189,NA,0.410377358490566,106
PstI.TP292777,7,64227793,0.819000153352996,NA,0.0424528301886793,106
PstI.TP1152227,1,60999485,0.820126479529892,NA,0.245283018867925,106
PstI.TP115576,3,61364669,0.820834876912297,NA,0.0613207547169812,106
PstI.TP549811,3,66531825,0.820926762015738,NA,0.429245283018868,106
PstI.TP213377,3,62690207,0.821080351923989,NA,0.0566037735849056,106
NsiI.TP436445,11,14181,0.82126370929736,NA,0.0377358490566038,106
PstI.TP622318,7,63611772,0.821451209242035,NA,0.113207547169811,106
PstI.TP32939,1,76748752,0.822008793810844,NA,0.0330188679245283,106
NsiI.TP751926,11,18336,0.822233865203681,NA,0.0377358490566038,106
PstI.TP326062,4,62667190,0.822353945360618,NA,0.0849056603773585,106
PstI.TP246552,3,54709176,0.822405124656677,NA,0.14622641509434,106
PstI.TP998613,4,57808215,0.822671779787849,NA,0.080188679245283,106
PstI.TP1057943,11,7366,0.822938385495874,NA,0.19811320754717,106
PstI.TP817327,7,65354956,0.822963559559977,NA,0.268867924528302,106
PstI.TP1105643,4,66521669,0.823044766937442,NA,0.0188679245283019,106
NsiI.TP36278,10,56255147,0.823047839320303,NA,0.113207547169811,106
PstI.TP1045835,11,7256,0.823174491363615,NA,0.0613207547169812,106
NsiI.TP456970,11,14558,0.823527798777295,NA,0.0801886792452831,106
PstI.TP1252633,1,64114120,0.823660577197706,NA,0.0518867924528302,106
PstI.TP1217033,2,63330699,0.823761967225384,NA,0.0801886792452831,106
PstI.TP893748,2,71384719,0.824609426259683,NA,0.0518867924528302,106
NsiI.TP494858,9,10541784,0.824723924230493,NA,0.268867924528302,106
PstI.TP420996,11,3261,0.824781812855381,NA,0.108490566037736,106
PstI.TP712552,7,1086282,0.824854401574724,NA,0.0660377358490566,106
PstI.TP682522,2,77263024,0.826131260115174,NA,0.127358490566038,106
PstI.TP532325,5,18806244,0.82643781628374,NA,0.193396226415094,106
PstI.TP851463,1,80479917,0.826474629667648,NA,0.0235849056603774,106
PstI.TP459121,1,78162835,0.826511985023115,NA,0.0660377358490566,106
NsiI.TP77209,2,15957189,0.826966401492659,NA,0.117924528301887,106
PstI.TP1272710,1,72295373,0.827073455516999,NA,0.174528301886792,106
PstI.TP629786,3,68029217,0.827617875872011,NA,0.0330188679245284,106
PstI.TP119425,2,73077344,0.827722054187888,NA,0.325471698113208,106
NsiI.TP563229,3,13084031,0.827797299079642,NA,0.0518867924528302,106
PstI.TP314655,3,72791842,0.828064762455176,NA,0.179245283018868,106
PstI.TP642761,11,4516,0.828623306223643,NA,0.0990566037735849,106
PstI.TP1181052,2,62344184,0.829724433028002,NA,0.19811320754717,106
NsiI.TP57495,11,9811,0.829855545643134,NA,0.150943396226415,106
NsiI.TP428457,11,14002,0.830219884514276,NA,0.0141509433962264,106
PstI.TP150789,2,64840814,0.830384267882334,NA,0.113207547169811,106
PstI.TP291234,2,71490880,0.830437588547501,NA,0.122641509433962,106
PstI.TP254032,11,2066,0.830750064908815,NA,0.457547169811321,106
NsiI.TP731603,6,50725152,0.830776122120753,NA,0.0188679245283019,106
PstI.TP417311,10,50180152,0.831187590456012,NA,0.0424528301886793,106
PstI.TP292268,5,3450082,0.831498337666261,NA,0.0754716981132075,106
PstI.TP27579,7,4882106,0.831854623914931,NA,0.0754716981132075,106
PstI.TP1291386,11,9099,0.832073984419329,NA,0.193396226415094,106
PstI.TP30555,6,58396527,0.832095281482801,NA,0.221698113207547,106
PstI.TP539634,6,55893141,0.832163289267717,NA,0.400943396226415,106
PstI.TP1162955,11,8169,0.832406200284049,NA,0.325471698113208,106
NsiI.TP336384,11,12833,0.832521994665066,NA,0.30188679245283,106
NsiI.TP540352,11,15795,0.832670060947482,NA,0.108490566037736,106
PstI.TP622832,10,58505390,0.832882827150818,NA,0.0235849056603774,106
PstI.TP68223,7,59248949,0.833059350611302,NA,0.424528301886792,106
NsiI.TP48231,8,62326534,0.833210956952702,NA,0.0707547169811321,106
PstI.TP1226997,3,69008840,0.83336678926871,NA,0.39622641509434,106
PstI.TP125060,9,6374194,0.833623082644725,NA,0.0707547169811321,106
PstI.TP804275,1,5979740,0.833652167358498,NA,0.0330188679245284,106
PstI.TP427397,6,49196509,0.833892649963837,NA,0.0330188679245284,106
PstI.TP88913,6,50606419,0.833979549823282,NA,0.0613207547169812,106
PstI.TP549546,10,1280519,0.83411745225359,NA,0.0566037735849056,106
PstI.TP878500,11,6129,0.834517129512487,NA,0.0141509433962264,106
PstI.TP849876,1,3050119,0.834823062267302,NA,0.0990566037735849,106
PstI.TP798665,11,5530,0.835190284142358,NA,0.212264150943396,106
PstI.TP763524,8,54655315,0.8352108016045,NA,0.193396226415094,106
PstI.TP974500,11,6759,0.835571516239973,NA,0.0330188679245283,106
PstI.TP249621,6,51555200,0.835917405864332,NA,0.113207547169811,106
PstI.TP598190,6,53317495,0.836251004011494,NA,0.0330188679245283,106
NsiI.TP430625,10,8144012,0.836463143854008,NA,0.287735849056604,106
PstI.TP902020,10,9692380,0.836506453220405,NA,0.108490566037736,106
PstI.TP1018327,4,61899904,0.836683547324634,NA,0.0424528301886793,106
PstI.TP1264166,8,52135359,0.836758157064171,NA,0.136792452830189,106
PstI.TP297282,2,5214604,0.836890614082799,NA,0.122641509433962,106
PstI.TP487012,8,59804023,0.836991395402546,NA,0.339622641509434,106
NsiI.TP565172,3,944664,0.837078557719734,NA,0.424528301886792,106
PstI.TP153019,1,62238600,0.837564846307159,NA,0.0283018867924528,106
PstI.TP222514,6,55162389,0.837571963144456,NA,0.344339622641509,106
NsiI.TP7588,2,74438360,0.837611629732359,NA,0.089622641509434,106
PstI.TP223371,9,6695165,0.837700260092897,NA,0.136792452830189,106
PstI.TP475426,6,51284047,0.837720512767154,NA,0.113207547169811,106
NsiI.TP233339,11,11746,0.837827719924811,NA,0.117924528301887,106
PstI.TP1193653,11,8441,0.83879033713757,NA,0.0188679245283019,106
PstI.TP688753,9,1861171,0.839127805875105,NA,0.0377358490566038,106
PstI.TP941941,6,50199458,0.83921343786017,NA,0.136792452830189,106
PstI.TP676131,9,57652842,0.839475746626401,NA,0.0754716981132075,106
NsiI.TP762010,6,47409491,0.839546318561972,NA,0.0377358490566038,106
PstI.TP170897,6,40981188,0.839855752706318,NA,0.202830188679245,106
PstI.TP134958,9,47976468,0.839997961516576,NA,0.0330188679245284,106
PstI.TP607895,1,58398018,0.840127684474633,NA,0.476415094339623,106
PstI.TP835300,1,78565589,0.840631588877845,NA,0.089622641509434,106
NsiI.TP494505,6,42537010,0.840777965888218,NA,0.0424528301886792,106
PstI.TP884909,1,23972025,0.840898416842388,NA,0.089622641509434,106
PstI.TP46032,11,392,0.841530952362142,NA,0.0801886792452831,106
NsiI.TP308732,6,18912392,0.842840173547941,NA,0.0330188679245284,106
PstI.TP166018,11,1363,0.843560796733662,NA,0.0330188679245284,106
PstI.TP745907,2,50691405,0.844394080655379,NA,0.386792452830189,106
NsiI.TP521884,5,3858576,0.84473765121541,NA,0.235849056603774,106
PstI.TP574024,11,4130,0.844809191475605,NA,0.089622641509434,106
PstI.TP214151,5,4095852,0.844911304598887,NA,0.0283018867924528,106
PstI.TP1155269,1,75726570,0.845234087589726,NA,0.0283018867924528,106
PstI.TP450448,7,50290469,0.845415220692775,NA,0.0801886792452831,106
PstI.TP721763,1,67560203,0.845664219822551,NA,0.0613207547169812,106
NsiI.TP274184,4,1065229,0.845943166361323,NA,0.0707547169811321,106
PstI.TP820558,3,8412197,0.846606272854296,NA,0.0188679245283019,106
PstI.TP1193997,11,8448,0.847050494097864,NA,0.141509433962264,106
PstI.TP443810,11,3398,0.847290465087936,NA,0.122641509433962,106
PstI.TP1155086,9,50004653,0.84733719750995,NA,0.240566037735849,106
PstI.TP221027,10,8848286,0.848710978549605,NA,0.0518867924528302,106
PstI.TP113313,8,52654110,0.849399980647875,NA,0.0235849056603774,106
NsiI.TP482264,1,66520178,0.849476859288838,NA,0.0330188679245284,106
PstI.TP1123350,9,49499779,0.849895079764338,NA,0.188679245283019,106
PstI.TP613754,9,2094002,0.850390986494784,NA,0.202830188679245,106
NsiI.TP417126,10,8628335,0.85047828194361,NA,0.240566037735849,106
PstI.TP682257,10,50183864,0.850502752260032,NA,0.19811320754717,106
NsiI.TP442164,4,53817049,0.850873159585951,NA,0.0141509433962264,106
PstI.TP1023385,6,43243324,0.851660979922259,NA,0.0424528301886792,106
PstI.TP924933,11,6475,0.851820486265717,NA,0.0990566037735849,106
PstI.TP1000323,7,57848687,0.851914851648838,NA,0.14622641509434,106
PstI.TP303544,6,48368263,0.851928205867151,NA,0.216981132075472,106
PstI.TP43035,3,67960309,0.851944466730548,NA,0.113207547169811,106
PstI.TP834194,6,2364305,0.852029065974549,NA,0.0283018867924528,106
PstI.TP1112563,8,6325389,0.852112040550757,NA,0.0377358490566038,106
NsiI.TP13142,8,12629379,0.85327994553577,NA,0.0283018867924528,106
PstI.TP858902,4,66143706,0.853357744542793,NA,0.278301886792453,106
NsiI.TP732085,11,18110,0.853908348331789,NA,0.259433962264151,106
NsiI.TP602038,11,16589,0.853938919766446,NA,0.169811320754717,106
NsiI.TP340724,11,12881,0.853960055983198,NA,0.0566037735849057,106
PstI.TP176380,9,58460036,0.853967285450587,NA,0.155660377358491,106
PstI.TP1057926,3,65160984,0.85398480523121,NA,0.169811320754717,106
PstI.TP203977,8,2031282,0.85403575578151,NA,0.0613207547169811,106
PstI.TP438228,11,3357,0.854864087857247,NA,0.188679245283019,106
PstI.TP837664,1,73498170,0.855308518334932,NA,0.10377358490566,106
PstI.TP195741,3,67699319,0.855315589857856,NA,0.10377358490566,106
PstI.TP1004455,3,1576742,0.856384253130193,NA,0.0801886792452831,106
NsiI.TP576771,1,68414794,0.856607007845438,NA,0.0188679245283019,106
PstI.TP458499,1,19100550,0.856980463557799,NA,0.202830188679245,106
PstI.TP683199,10,56630287,0.857064352704909,NA,0.235849056603774,106
PstI.TP49184,11,415,0.857470925238071,NA,0.0235849056603774,106
NsiI.TP286571,11,12304,0.857776966290571,NA,0.0801886792452831,106
PstI.TP235160,11,1931,0.858346643918476,NA,0.264150943396226,106
PstI.TP904259,3,66075604,0.85834755631308,NA,0.0613207547169812,106
NsiI.TP472039,11,14803,0.858360479004627,NA,0.0283018867924528,106
PstI.TP1171121,1,67376990,0.858379658621518,NA,0.14622641509434,106
NsiI.TP481731,3,49592212,0.858489543168925,NA,0.0849056603773585,106
NsiI.TP111030,2,62661855,0.8589325587796,NA,0.462264150943396,106
PstI.TP1209906,4,67965163,0.85906384305328,NA,0.231132075471698,106
PstI.TP139507,11,1154,0.859239919441364,NA,0.231132075471698,106
NsiI.TP766058,10,56739907,0.859293783194594,NA,0.0660377358490566,106
PstI.TP707693,4,5818754,0.859580572566113,NA,0.0471698113207547,106
PstI.TP1071629,8,381311,0.860002247136734,NA,0.19811320754717,106
PstI.TP835676,4,8640214,0.860008237538181,NA,0.132075471698113,106
PstI.TP343842,2,69334049,0.86059440949407,NA,0.325471698113208,106
PstI.TP114009,11,946,0.861404482264669,NA,0.0424528301886793,106
PstI.TP219843,11,1797,0.861560270641481,NA,0.268867924528302,106
PstI.TP288176,11,2290,0.861982609744295,NA,0.0566037735849056,106
PstI.TP891127,6,55263071,0.862174849395659,NA,0.0566037735849057,106
PstI.TP507933,11,3837,0.862321887585007,NA,0.150943396226415,106
PstI.TP953640,7,59672491,0.862646347323867,NA,0.0283018867924528,106
PstI.TP342418,7,56234517,0.863433659357501,NA,0.0188679245283019,106
PstI.TP39204,7,8302668,0.863915877046228,NA,0.193396226415094,106
PstI.TP1010387,1,1174408,0.864128319249847,NA,0.0188679245283019,106
PstI.TP1251965,10,52576042,0.864428593948347,NA,0.0188679245283019,106
PstI.TP577286,1,68698894,0.864482211391927,NA,0.410377358490566,106
PstI.TP1025772,1,79665639,0.864530283154007,NA,0.433962264150943,106
PstI.TP859276,11,5985,0.865108821747799,NA,0.0330188679245283,106
PstI.TP877509,11,6123,0.865177034504869,NA,0.0283018867924528,106
PstI.TP847989,11,5877,0.86522482294069,NA,0.141509433962264,106
PstI.TP1198735,11,8470,0.865524105491575,NA,0.10377358490566,106
PstI.TP1071605,11,7472,0.865580497586926,NA,0.080188679245283,106
NsiI.TP216880,9,57840413,0.865608557265417,NA,0.0613207547169812,106
NsiI.TP506838,1,75823936,0.865666590031282,NA,0.108490566037736,106
PstI.TP1242757,11,8753,0.866011848396196,NA,0.297169811320755,106
PstI.TP470432,4,52709206,0.866152663858694,NA,0.0188679245283019,106
PstI.TP352561,3,55923085,0.866726609412603,NA,0.0141509433962264,106
PstI.TP1199069,4,57736484,0.867698695536517,NA,0.0613207547169811,106
PstI.TP1170241,10,51421895,0.867701716391868,NA,0.0188679245283019,106
NsiI.TP234267,3,70840629,0.86815419286513,NA,0.0990566037735849,106
PstI.TP229147,2,3390758,0.8681614607622,NA,0.0471698113207547,106
PstI.TP852425,4,53801587,0.868643219594774,NA,0.0188679245283019,106
PstI.TP602900,11,4269,0.868745500933242,NA,0.160377358490566,106
PstI.TP654201,4,64705707,0.86929275552727,NA,0.0141509433962265,106
PstI.TP698749,5,6782266,0.869425874966375,NA,0.0707547169811321,106
PstI.TP1072427,1,59994659,0.869573885948635,NA,0.344339622641509,106
PstI.TP1055459,3,58609425,0.869687854643344,NA,0.0943396226415094,106
NsiI.TP793548,3,4447360,0.869720053912041,NA,0.0849056603773585,106
PstI.TP776140,4,5169040,0.870147624733635,NA,0.0754716981132075,106
PstI.TP770020,11,5314,0.870262090704535,NA,0.14622641509434,106
PstI.TP602402,10,54941931,0.870364200745588,NA,0.0754716981132075,106
NsiI.TP504221,4,4339312,0.870476118915739,NA,0.0424528301886792,106
PstI.TP691668,11,4782,0.870702143020893,NA,0.0188679245283019,106
NsiI.TP755529,3,10065212,0.870964752964271,NA,0.471698113207547,106
PstI.TP425439,2,73607787,0.871084958988612,NA,0.160377358490566,106
PstI.TP1189297,1,50142670,0.871116435293133,NA,0.0424528301886793,106
PstI.TP995173,2,70172526,0.871876404563599,NA,0.297169811320755,106
NsiI.TP710816,11,17888,0.871892528989484,NA,0.0141509433962265,106
PstI.TP111352,3,66952529,0.87220267735104,NA,0.0188679245283019,106
PstI.TP802084,10,555823,0.87228759021917,NA,0.0566037735849056,106
PstI.TP141051,3,54726050,0.872378450503911,NA,0.0141509433962264,106
PstI.TP1020861,4,3763358,0.872633554040989,NA,0.165094339622642,106
PstI.TP884696,11,6181,0.872898303620027,NA,0.0141509433962265,106
NsiI.TP268751,3,56723684,0.873300992449528,NA,0.0518867924528302,106
PstI.TP1289936,4,7771909,0.873847097724201,NA,0.122641509433962,106
PstI.TP103845,8,58125692,0.874139671579111,NA,0.0377358490566038,106
PstI.TP1259220,1,71924579,0.874290639428849,NA,0.0283018867924528,106
PstI.TP667673,8,3073031,0.874680689639848,NA,0.0235849056603774,106
PstI.TP454285,2,63153549,0.874718027209691,NA,0.0613207547169812,106
PstI.TP433679,11,3324,0.875643059198884,NA,0.113207547169811,106
PstI.TP98333,5,16130526,0.875657766761954,NA,0.122641509433962,106
PstI.TP96766,1,78742126,0.875949551248143,NA,0.0141509433962265,106
NsiI.TP635574,5,10846526,0.876035267981962,NA,0.226415094339623,106
NsiI.TP37843,11,9574,0.877194364307049,NA,0.344339622641509,106
PstI.TP531549,10,5158579,0.877218365672511,NA,0.0235849056603774,106
PstI.TP606496,3,62018965,0.877257515566901,NA,0.089622641509434,106
PstI.TP24084,1,76155984,0.877572641469554,NA,0.0471698113207547,106
PstI.TP1166626,7,5373971,0.877686557077152,NA,0.179245283018868,106
PstI.TP369771,6,59498070,0.877910826486928,NA,0.0141509433962265,106
NsiI.TP767160,3,61668483,0.877975398903609,NA,0.179245283018868,106
PstI.TP487778,3,1541283,0.878313210622556,NA,0.0707547169811321,106
PstI.TP1287230,7,7558451,0.878943024651479,NA,0.132075471698113,106
PstI.TP745674,3,66083753,0.878953789760652,NA,0.10377358490566,106
PstI.TP943645,10,536366,0.879052696627126,NA,0.0566037735849057,106
PstI.TP735032,3,9654444,0.879082528956593,NA,0.0377358490566038,106
PstI.TP98839,1,25165051,0.879176866955115,NA,0.0377358490566038,106
PstI.TP156491,8,62158572,0.879322633050088,NA,0.0943396226415094,106
PstI.TP885267,1,2084430,0.879434299769933,NA,0.0801886792452831,106
PstI.TP841498,5,69228848,0.879467128244462,NA,0.0990566037735849,106
PstI.TP1177553,4,67453726,0.879683857167987,NA,0.5,106
PstI.TP336193,2,73663045,0.879706815017628,NA,0.0283018867924528,106
PstI.TP197729,3,62304693,0.879742253327828,NA,0.169811320754717,106
PstI.TP1044287,3,3988298,0.879793886362964,NA,0.0990566037735849,106
PstI.TP756650,3,61832560,0.881088781203995,NA,0.0754716981132075,106
PstI.TP1199324,11,8474,0.881218172940655,NA,0.0990566037735849,106
PstI.TP1193608,11,8440,0.881639392437429,NA,0.19811320754717,106
PstI.TP10645,3,68256494,0.882798698691128,NA,0.174528301886792,106
PstI.TP1243819,6,2081638,0.882820452358946,NA,0.0188679245283019,106
PstI.TP71937,11,604,0.882952298156203,NA,0.193396226415094,106
PstI.TP988008,4,53910327,0.883595037344669,NA,0.127358490566038,106
NsiI.TP452911,11,14495,0.884070793761253,NA,0.0566037735849057,106
PstI.TP640416,11,4495,0.884281701061431,NA,0.089622641509434,106
PstI.TP354591,1,1050082,0.884421033348651,NA,0.330188679245283,106
PstI.TP26215,9,583262,0.884663491896906,NA,0.0471698113207547,106
NsiI.TP472627,10,58539297,0.884675838058216,NA,0.141509433962264,106
PstI.TP1020517,2,67480548,0.884696494979731,NA,0.0283018867924528,106
PstI.TP1176793,11,8292,0.884876321462897,NA,0.0990566037735849,106
PstI.TP492152,11,3736,0.884934803763197,NA,0.0235849056603774,106
PstI.TP1251020,7,1288842,0.88547954602652,NA,0.0471698113207547,106
PstI.TP1164337,4,7965976,0.88554910540789,NA,0.0849056603773585,106
PstI.TP413714,11,3202,0.885714080286343,NA,0.344339622641509,106
PstI.TP1117123,10,1206568,0.88629374622482,NA,0.0377358490566038,106
PstI.TP2084,1,68344425,0.886354873558658,NA,0.0141509433962264,106
NsiI.TP97466,9,37982249,0.886733038730332,NA,0.419811320754717,106
PstI.TP338856,2,59737782,0.88713126650823,NA,0.0707547169811321,106
NsiI.TP621021,7,5038099,0.887414063507306,NA,0.235849056603774,106
PstI.TP1127994,4,66065200,0.887419574677079,NA,0.0613207547169812,106
PstI.TP1025950,2,63727163,0.887523266854513,NA,0.0235849056603774,106
PstI.TP49052,10,56847524,0.887636592501627,NA,0.283018867924528,106
PstI.TP267509,9,51633931,0.887694939779927,NA,0.0660377358490566,106
PstI.TP150005,3,58784404,0.887796137763617,NA,0.264150943396226,106
PstI.TP1038470,10,2596422,0.88798381616558,NA,0.141509433962264,106
NsiI.TP667943,2,74406586,0.888018794251022,NA,0.193396226415094,106
PstI.TP374085,2,9617733,0.889155227494383,NA,0.169811320754717,106
NsiI.TP608014,4,59335265,0.889863700280691,NA,0.113207547169811,106
PstI.TP10552,11,79,0.889959742287018,NA,0.155660377358491,106
PstI.TP1114565,4,58337982,0.890048282220653,NA,0.0283018867924528,106
NsiI.TP475064,1,66777724,0.890154176985781,NA,0.0283018867924528,106
PstI.TP447831,11,3432,0.890258933618214,NA,0.0660377358490566,106
PstI.TP435100,6,52788813,0.890268986190484,NA,0.0566037735849056,106
NsiI.TP508890,11,15393,0.890332181634115,NA,0.311320754716981,106
PstI.TP1016623,7,64210878,0.890591714845817,NA,0.0754716981132075,106
PstI.TP1184522,2,29037914,0.890758093977182,NA,0.0330188679245283,106
NsiI.TP717243,4,68249333,0.890922988896777,NA,0.14622641509434,106
PstI.TP351473,3,62816493,0.891064177075821,NA,0.0754716981132075,106
PstI.TP776270,6,39667672,0.891323106936879,NA,0.10377358490566,106
PstI.TP720229,11,4975,0.891522205569022,NA,0.0471698113207547,106
PstI.TP545376,9,4103280,0.892023961340658,NA,0.0330188679245283,106
PstI.TP496795,5,1513135,0.892093054369478,NA,0.0660377358490566,106
PstI.TP593279,1,78992355,0.892287114478622,NA,0.0235849056603774,106
NsiI.TP668633,3,72087795,0.892575370887007,NA,0.0188679245283019,106
PstI.TP928184,9,58431631,0.89285438916854,NA,0.117924528301887,106
PstI.TP315152,11,2490,0.893388137811518,NA,0.0330188679245283,106
NsiI.TP511158,11,15442,0.893634883718083,NA,0.150943396226415,106
PstI.TP723879,10,51006962,0.893688514506989,NA,0.127358490566038,106
PstI.TP745911,2,8890642,0.894043605353847,NA,0.0471698113207547,106
NsiI.TP476728,3,67867988,0.89460386187325,NA,0.419811320754717,106
PstI.TP632941,2,59755581,0.894782193493041,NA,0.259433962264151,106
NsiI.TP805914,6,47675176,0.895014942157913,NA,0.0235849056603774,106
PstI.TP891531,10,6298803,0.895320890632752,NA,0.0141509433962265,106
PstI.TP164155,11,1353,0.89534783639089,NA,0.183962264150943,106
PstI.TP1128710,11,7924,0.896237415523396,NA,0.0283018867924528,106
PstI.TP49139,1,80477608,0.896255739271238,NA,0.0566037735849057,106
PstI.TP86735,7,59567585,0.896574924324236,NA,0.0188679245283019,106
PstI.TP463088,11,3529,0.896603012273318,NA,0.174528301886792,106
NsiI.TP390395,7,5462820,0.896682264463985,NA,0.0424528301886793,106
PstI.TP276751,1,80694115,0.896850880416746,NA,0.0566037735849056,106
PstI.TP673282,4,65067106,0.896900335010536,NA,0.0754716981132075,106
PstI.TP966260,1,65795867,0.897048330338722,NA,0.273584905660377,106
NsiI.TP407011,11,13599,0.897091521551432,NA,0.0141509433962264,106
NsiI.TP203885,2,66511978,0.89755142295986,NA,0.132075471698113,106
PstI.TP140364,9,57283110,0.897822607930531,NA,0.0424528301886792,106
PstI.TP1079579,11,7537,0.898156133235103,NA,0.0330188679245283,106
PstI.TP866942,4,5761973,0.898196663584805,NA,0.122641509433962,106
PstI.TP936449,11,6553,0.898275219857442,NA,0.127358490566038,106
NsiI.TP350497,1,6933742,0.899211206173351,NA,0.0141509433962264,106
NsiI.TP795757,4,68397931,0.899998254320057,NA,0.0141509433962265,106
PstI.TP426528,2,75226780,0.900020166747629,NA,0.382075471698113,106
PstI.TP798247,10,4317874,0.900142396373465,NA,0.457547169811321,106
PstI.TP975012,3,68051383,0.900296642286971,NA,0.127358490566038,106
PstI.TP708344,1,57964831,0.900522803154612,NA,0.481132075471698,106
NsiI.TP253425,9,4267319,0.901092268569496,NA,0.0141509433962264,106
PstI.TP740583,11,5112,0.901178131499272,NA,0.245283018867925,106
PstI.TP728734,7,37735277,0.901971885916572,NA,0.174528301886792,106
NsiI.TP241831,8,47079973,0.902106058430978,NA,0.117924528301887,106
PstI.TP65744,2,60726974,0.902366087344425,NA,0.169811320754717,106
PstI.TP1076746,7,1802206,0.902536530428286,NA,0.169811320754717,106
PstI.TP343186,4,51207966,0.902929288890764,NA,0.207547169811321,106
PstI.TP815112,11,5636,0.902930948632504,NA,0.0518867924528302,106
PstI.TP1005929,7,40209050,0.90296123737957,NA,0.424528301886792,106
PstI.TP525574,6,53705599,0.902963416263374,NA,0.108490566037736,106
PstI.TP1292597,2,51189337,0.903357302570623,NA,0.306603773584906,106
PstI.TP310118,11,2455,0.904058865274281,NA,0.0660377358490566,106
NsiI.TP523405,11,15589,0.90406106423789,NA,0.0188679245283019,106
PstI.TP452304,3,2977792,0.904395172853149,NA,0.292452830188679,106
PstI.TP10996,6,57974096,0.904408673617052,NA,0.122641509433962,106
NsiI.TP188409,1,64102768,0.904412514234193,NA,0.0235849056603774,106
PstI.TP995093,3,71293277,0.90460391006265,NA,0.0283018867924528,106
NsiI.TP493680,11,15118,0.904637722641773,NA,0.202830188679245,106
PstI.TP1206334,3,61963148,0.904641530077439,NA,0.0849056603773585,106
PstI.TP545574,9,46822842,0.905012214557775,NA,0.0235849056603774,106
PstI.TP774033,7,64851531,0.905118590966329,NA,0.0849056603773585,106
PstI.TP30748,2,61112102,0.905282473721927,NA,0.080188679245283,106
PstI.TP699168,8,2542291,0.905601683867681,NA,0.0188679245283019,106
PstI.TP89261,11,751,0.905773822581514,NA,0.0377358490566038,106
NsiI.TP472754,4,5966031,0.905846338684149,NA,0.0849056603773585,106
NsiI.TP514967,2,74529451,0.906252187186142,NA,0.0283018867924528,106
PstI.TP744556,1,76101544,0.906813516211454,NA,0.410377358490566,106
PstI.TP302415,11,2390,0.907454776793113,NA,0.150943396226415,106
NsiI.TP610964,11,16676,0.907820986853905,NA,0.0283018867924528,106
PstI.TP984199,11,6827,0.908218345580683,NA,0.349056603773585,106
PstI.TP685814,8,51520152,0.908347447616809,NA,0.0235849056603774,106
PstI.TP851761,6,57802693,0.908991323395861,NA,0.117924528301887,106
PstI.TP1159632,10,56290471,0.909960717936893,NA,0.122641509433962,106
PstI.TP683573,4,51515338,0.909984822653328,NA,0.0801886792452831,106
PstI.TP1066422,3,60988993,0.910056376493577,NA,0.221698113207547,106
PstI.TP420086,1,68042057,0.910069709697638,NA,0.0613207547169812,106
PstI.TP209249,1,67863639,0.910133958659963,NA,0.0330188679245283,106
PstI.TP108648,6,48723726,0.910239669550606,NA,0.39622641509434,106
PstI.TP1204456,10,59574064,0.910486022994614,NA,0.0990566037735849,106
PstI.TP338681,6,54973469,0.910579724624163,NA,0.0283018867924528,106
NsiI.TP198450,3,72064311,0.910915634744648,NA,0.117924528301887,106
NsiI.TP367819,11,13197,0.910957196361432,NA,0.0377358490566038,106
PstI.TP1248173,9,54556422,0.910961046072319,NA,0.35377358490566,106
NsiI.TP780526,11,18741,0.911047605488409,NA,0.0660377358490566,106
NsiI.TP130440,5,64727219,0.911092141392192,NA,0.183962264150943,106
NsiI.TP681322,8,10554261,0.911110976863354,NA,0.0188679245283019,106
NsiI.TP308443,11,12504,0.911120871034661,NA,0.0943396226415094,106
PstI.TP831757,3,3676028,0.911232144275265,NA,0.0754716981132075,106
NsiI.TP809217,3,54180993,0.911451248767499,NA,0.0235849056603774,106
NsiI.TP41855,10,59162920,0.911568199877506,NA,0.0377358490566038,106
PstI.TP1172386,11,8246,0.9117052052836,NA,0.0235849056603774,106
PstI.TP983141,1,8569458,0.911801732246248,NA,0.0235849056603774,106
PstI.TP1009816,6,42489177,0.911867402187208,NA,0.141509433962264,106
PstI.TP393536,1,66632271,0.911946735088833,NA,0.212264150943396,106
PstI.TP998491,2,14521096,0.912354367537058,NA,0.268867924528302,106
PstI.TP389870,11,3038,0.91283283730271,NA,0.0943396226415094,106
NsiI.TP765276,11,18550,0.913203524148881,NA,0.0283018867924528,106
NsiI.TP242759,7,57945470,0.913376186281604,NA,0.0141509433962264,106
PstI.TP413401,3,12299683,0.913749679489027,NA,0.0188679245283019,106
PstI.TP670870,11,4670,0.914189106776351,NA,0.0235849056603774,106
NsiI.TP316618,11,12598,0.914312252590629,NA,0.391509433962264,106
PstI.TP1140029,1,19067860,0.914325087390361,NA,0.0330188679245284,106
NsiI.TP530878,1,5870812,0.914669282168289,NA,0.0141509433962265,106
PstI.TP419523,3,15768751,0.914703429526066,NA,0.0141509433962265,106
PstI.TP478908,2,14478233,0.914811118701428,NA,0.273584905660377,106
PstI.TP168334,1,78240700,0.914833837140406,NA,0.481132075471698,106
PstI.TP313639,4,51533595,0.915046856822718,NA,0.0660377358490566,106
PstI.TP1280405,11,9027,0.915349951614138,NA,0.0188679245283019,106
PstI.TP272941,6,53317238,0.91620117357013,NA,0.136792452830189,106
PstI.TP438569,6,52665117,0.916316155983125,NA,0.292452830188679,106
NsiI.TP70796,9,54232781,0.916323807520699,NA,0.0377358490566038,106
PstI.TP1239144,1,20685889,0.916401075361048,NA,0.155660377358491,106
PstI.TP836370,2,74973263,0.916666933515031,NA,0.330188679245283,106
PstI.TP942471,1,78400363,0.916736983722034,NA,0.429245283018868,106
PstI.TP673750,3,65713273,0.916918011867401,NA,0.150943396226415,106
PstI.TP104310,11,857,0.917131689914628,NA,0.0188679245283019,106
PstI.TP1142298,2,59921596,0.917639191317331,NA,0.226415094339623,106
PstI.TP740525,10,57651326,0.917647243511506,NA,0.0188679245283019,106
PstI.TP1189383,4,60173881,0.918155604098929,NA,0.113207547169811,106
PstI.TP291541,9,51410096,0.919402296304582,NA,0.108490566037736,106
PstI.TP283526,1,71936668,0.91957037225571,NA,0.0283018867924528,106
PstI.TP396204,11,3088,0.919613464837933,NA,0.0235849056603774,106
NsiI.TP627015,7,63220926,0.920181919804157,NA,0.0330188679245284,106
NsiI.TP179278,2,61874011,0.920722005092854,NA,0.0707547169811321,106
PstI.TP547839,3,4042596,0.92131835636095,NA,0.127358490566038,106
NsiI.TP107484,3,11301567,0.922022614130625,NA,0.231132075471698,106
PstI.TP824467,6,48440964,0.922300372401571,NA,0.481132075471698,106
PstI.TP162777,11,1341,0.922606724823978,NA,0.0141509433962265,106
PstI.TP1220431,6,57879530,0.92273726884666,NA,0.382075471698113,106
PstI.TP825666,7,2131382,0.922852970376446,NA,0.10377358490566,106
PstI.TP1253114,6,46078619,0.922982011716375,NA,0.273584905660377,106
PstI.TP146062,11,1230,0.923113043471513,NA,0.0424528301886793,106
PstI.TP748688,1,5063937,0.924082368960984,NA,0.117924528301887,106
PstI.TP545486,1,8870035,0.924429669675651,NA,0.122641509433962,106
PstI.TP961842,8,59838089,0.924542204994272,NA,0.0613207547169812,106
PstI.TP57846,4,4201581,0.924791929337484,NA,0.221698113207547,106
PstI.TP921414,2,7249958,0.925055790367634,NA,0.25,106
PstI.TP142395,1,71238859,0.92574654122536,NA,0.10377358490566,106
PstI.TP778331,9,50006602,0.925765259790053,NA,0.089622641509434,106
PstI.TP550208,2,65391016,0.92589273891039,NA,0.089622641509434,106
PstI.TP1223116,2,55714459,0.925920112255082,NA,0.113207547169811,106
PstI.TP64046,2,58295714,0.926102358373555,NA,0.0330188679245284,106
NsiI.TP502909,2,58325149,0.926102358373555,NA,0.0330188679245283,106
NsiI.TP36721,11,9552,0.926173588279798,NA,0.212264150943396,106
PstI.TP24650,4,62388602,0.926573628441818,NA,0.141509433962264,106
PstI.TP772377,3,69256488,0.927818617844511,NA,0.0235849056603774,106
NsiI.TP160863,1,54752388,0.928285703875174,NA,0.14622641509434,106
PstI.TP1277536,2,23996480,0.928355221112721,NA,0.0660377358490566,106
PstI.TP387329,9,55961556,0.929197101803198,NA,0.136792452830189,106
PstI.TP262546,4,1523295,0.929923294366704,NA,0.0188679245283019,106
PstI.TP103806,11,849,0.930199785447343,NA,0.419811320754717,106
NsiI.TP164112,2,75774037,0.930727164023287,NA,0.108490566037736,106
PstI.TP957775,9,27506778,0.931173518804614,NA,0.117924528301887,106
PstI.TP788460,11,5452,0.931489225650425,NA,0.0377358490566038,106
PstI.TP526907,6,52143728,0.931510774213661,NA,0.0424528301886792,106
PstI.TP513006,1,73971974,0.93169242316821,NA,0.231132075471698,106
PstI.TP1168619,1,72248681,0.932665635721706,NA,0.0330188679245283,106
PstI.TP982823,1,4677828,0.932724781994304,NA,0.443396226415094,106
NsiI.TP361594,11,13115,0.934142258970457,NA,0.226415094339623,106
PstI.TP932477,4,59793526,0.934255870053128,NA,0.0424528301886793,106
PstI.TP1018540,2,3850958,0.934439508680435,NA,0.0141509433962264,106
PstI.TP47654,2,57514489,0.934461868784578,NA,0.0424528301886792,106
PstI.TP209693,1,3305106,0.934608211537651,NA,0.0377358490566038,106
PstI.TP1150436,6,59888830,0.934657649827192,NA,0.0566037735849057,106
PstI.TP780019,10,4475781,0.934916692817175,NA,0.117924528301887,106
PstI.TP765640,4,48027712,0.935149393791816,NA,0.0424528301886793,106
PstI.TP1201445,11,8486,0.935315927645135,NA,0.419811320754717,106
NsiI.TP441583,6,1520280,0.935454884297883,NA,0.188679245283019,106
PstI.TP1080556,6,55449036,0.935507277491071,NA,0.231132075471698,106
PstI.TP815324,8,60883297,0.935944057308483,NA,0.0235849056603774,106
PstI.TP1040438,3,58373947,0.93621042432381,NA,0.0235849056603774,106
PstI.TP438135,4,14593222,0.936658720912362,NA,0.0660377358490566,106
PstI.TP429798,11,3313,0.937045172362345,NA,0.113207547169811,106
PstI.TP543197,4,67169531,0.937261510788933,NA,0.231132075471698,106
PstI.TP222462,1,69790547,0.937765847621217,NA,0.169811320754717,106
NsiI.TP36864,4,6582638,0.937998186544387,NA,0.0471698113207547,106
NsiI.TP459288,7,39656372,0.938118868576355,NA,0.466981132075472,106
PstI.TP80571,4,56807073,0.938368781487664,NA,0.0613207547169812,106
PstI.TP879786,11,6143,0.938737463169945,NA,0.339622641509434,106
NsiI.TP80703,11,10029,0.938799405891574,NA,0.132075471698113,106
NsiI.TP488629,7,18111854,0.93934610676338,NA,0.0613207547169812,106
PstI.TP838393,7,4341737,0.939998669520333,NA,0.344339622641509,106
PstI.TP789863,2,65670320,0.940189767700945,NA,0.0235849056603774,106
PstI.TP1168479,1,4789991,0.940593757747752,NA,0.0660377358490566,106
PstI.TP1260649,4,52875541,0.941264686034839,NA,0.0707547169811321,106
PstI.TP762031,10,55416903,0.94136114294315,NA,0.0801886792452831,106
PstI.TP715597,4,64992470,0.941420510612103,NA,0.0707547169811321,106
PstI.TP95174,1,79947590,0.94163758580426,NA,0.089622641509434,106
PstI.TP392482,1,17611146,0.942344752617641,NA,0.0188679245283019,106
PstI.TP1010078,3,67023433,0.942597220601813,NA,0.438679245283019,106
PstI.TP1049477,2,73562509,0.942599879035321,NA,0.278301886792453,106
PstI.TP100539,11,820,0.942872349983101,NA,0.0471698113207547,106
PstI.TP651715,10,58956886,0.942930417891211,NA,0.259433962264151,106
PstI.TP729343,11,5026,0.943700547451861,NA,0.25,106
PstI.TP360715,10,58959795,0.944627349072067,NA,0.179245283018868,106
PstI.TP1292760,3,66753576,0.94467175768032,NA,0.377358490566038,106
PstI.TP752015,10,6283799,0.944807059421314,NA,0.0235849056603774,106
PstI.TP146654,9,7350920,0.94506799898043,NA,0.254716981132076,106
PstI.TP1036644,7,62276526,0.945223636715075,NA,0.193396226415094,106
PstI.TP726521,1,3535515,0.945353883556175,NA,0.0754716981132075,106
PstI.TP854771,1,75863530,0.946468606353346,NA,0.0471698113207547,106
PstI.TP933689,4,68479830,0.946481117640513,NA,0.0754716981132075,106
PstI.TP680311,4,18313480,0.946747187878018,NA,0.0707547169811321,106
PstI.TP940999,3,66708999,0.947195486256673,NA,0.0471698113207547,106
PstI.TP347106,6,54444929,0.947259103576085,NA,0.264150943396226,106
PstI.TP332665,1,62857264,0.947870131799266,NA,0.0283018867924528,106
PstI.TP542812,10,4048134,0.948098549376932,NA,0.0235849056603774,106
PstI.TP272031,8,4185086,0.948507269063915,NA,0.0471698113207547,106
NsiI.TP655257,1,80728948,0.948670912278439,NA,0.122641509433962,106
PstI.TP343474,10,2711603,0.949078545268235,NA,0.0707547169811321,106
NsiI.TP216167,2,567991,0.949121577447643,NA,0.080188679245283,106
PstI.TP185010,3,65791497,0.94916201590295,NA,0.0188679245283019,106
NsiI.TP449894,11,14447,0.949463760908574,NA,0.0377358490566038,106
PstI.TP410209,3,69602329,0.949883503096487,NA,0.117924528301887,106
PstI.TP719900,11,4970,0.949967128732117,NA,0.0235849056603774,106
PstI.TP88428,11,740,0.950111310232448,NA,0.117924528301887,106
NsiI.TP410683,11,13656,0.950146481355217,NA,0.0660377358490566,106
PstI.TP742499,1,76179984,0.950283856388263,NA,0.169811320754717,106
PstI.TP433171,3,10952394,0.950988683098837,NA,0.0330188679245283,106
PstI.TP725292,3,4449847,0.951937729798797,NA,0.174528301886792,106
NsiI.TP627935,11,16916,0.95228765050446,NA,0.113207547169811,106
PstI.TP736554,9,58320217,0.952327094026156,NA,0.132075471698113,106
PstI.TP308387,1,12249163,0.952712561284743,NA,0.358490566037736,106
PstI.TP224586,9,3713116,0.952917053829579,NA,0.0471698113207547,106
PstI.TP319520,8,62331057,0.953130129339578,NA,0.0424528301886792,106
PstI.TP483070,10,10615158,0.953172505060321,NA,0.122641509433962,106
PstI.TP1181821,9,51786135,0.953328826418439,NA,0.0518867924528302,106
NsiI.TP356679,2,59751156,0.953429427387275,NA,0.0943396226415094,106
PstI.TP858716,3,66525528,0.953560680326084,NA,0.240566037735849,106
NsiI.TP252714,2,62096963,0.953632016664473,NA,0.0660377358490566,106
PstI.TP1118790,5,21005060,0.953902963815305,NA,0.0235849056603774,106
PstI.TP253222,11,2768113,0.95417502898175,NA,0.0518867924528302,106
NsiI.TP743302,4,68354909,0.955288959997834,NA,0.35377358490566,106
PstI.TP197596,1,78145007,0.955709637430142,NA,0.433962264150943,106
PstI.TP523933,1,6018181,0.955719605814491,NA,0.25,106
NsiI.TP277004,1,77284693,0.955746158554361,NA,0.0235849056603774,106
PstI.TP1207922,10,55463410,0.955921972533665,NA,0.306603773584906,106
PstI.TP703574,4,5441522,0.955995577643068,NA,0.136792452830189,106
PstI.TP919476,11,6427,0.956084501193425,NA,0.0188679245283019,106
PstI.TP606465,1,75416261,0.956254690392665,NA,0.113207547169811,106
PstI.TP131122,10,60582165,0.956296039169221,NA,0.466981132075472,106
NsiI.TP648509,10,41353679,0.956856166709554,NA,0.0471698113207547,106
PstI.TP803259,1,78564283,0.957279869532548,NA,0.0283018867924528,106
PstI.TP1148070,4,57865747,0.957574109858292,NA,0.0141509433962264,106
NsiI.TP481611,6,61215825,0.957941976726885,NA,0.490566037735849,106
PstI.TP331302,6,54347113,0.958256484957279,NA,0.0283018867924528,106
PstI.TP550115,3,54367520,0.958556180646375,NA,0.0283018867924528,106
PstI.TP762772,3,6044042,0.959371276144481,NA,0.0235849056603774,106
PstI.TP700737,7,52170610,0.959690400353745,NA,0.193396226415094,106
PstI.TP130605,10,3473673,0.95974407135898,NA,0.0188679245283019,106
PstI.TP897599,10,57879300,0.959984081626137,NA,0.0754716981132075,106
PstI.TP437411,4,3981971,0.960427305989416,NA,0.0188679245283019,106
PstI.TP1052445,9,53720191,0.960742425643807,NA,0.330188679245283,106
PstI.TP1027534,10,53709062,0.960824537922015,NA,0.169811320754717,106
PstI.TP739746,11,5106,0.960824866183507,NA,0.0613207547169812,106
PstI.TP930653,9,56906789,0.961326131652422,NA,0.136792452830189,106
NsiI.TP562946,7,65362140,0.961581643641986,NA,0.0707547169811321,106
PstI.TP1247989,11,8785,0.961816230427772,NA,0.358490566037736,106
PstI.TP482477,3,53260098,0.961857303787914,NA,0.0471698113207547,106
NsiI.TP691599,2,66513990,0.961880740899935,NA,0.122641509433962,106
PstI.TP646910,11,4558,0.96224920713932,NA,0.0518867924528302,106
NsiI.TP381737,3,69008243,0.962249962403712,NA,0.0188679245283019,106
PstI.TP701371,1,9558859,0.962483870300413,NA,0.080188679245283,106
PstI.TP848433,1,72949385,0.96278067395425,NA,0.0141509433962264,106
NsiI.TP783071,1,74489443,0.962814579197482,NA,0.193396226415094,106
PstI.TP1008253,2,61356637,0.962977389910356,NA,0.169811320754717,106
PstI.TP10310,2,18574283,0.963147110357642,NA,0.0141509433962264,106
NsiI.TP433337,10,5399831,0.963147110357642,NA,0.0141509433962264,106
NsiI.TP619861,4,59517946,0.963963893055363,NA,0.268867924528302,106
PstI.TP1294018,1,2280325,0.964104505159439,NA,0.0943396226415094,106
NsiI.TP631689,6,41449669,0.964110127702216,NA,0.306603773584906,106
NsiI.TP375743,9,54606833,0.964887592549332,NA,0.0566037735849056,106
PstI.TP377456,3,68183917,0.965027904115374,NA,0.141509433962264,106
PstI.TP1256498,2,75977176,0.965068485601028,NA,0.358490566037736,106
PstI.TP771928,11,5326,0.965446824728726,NA,0.207547169811321,106
PstI.TP32081,10,516124,0.965529746138356,NA,0.0849056603773585,106
PstI.TP1157245,11,8123,0.96601788416357,NA,0.0377358490566038,106
NsiI.TP237501,10,3978732,0.966190416952349,NA,0.089622641509434,106
PstI.TP46198,1,66096584,0.966573015538557,NA,0.0235849056603774,106
PstI.TP391374,3,66712259,0.966619508250997,NA,0.122641509433962,106
PstI.TP966761,8,4674732,0.966671994580273,NA,0.0188679245283019,106
PstI.TP1049411,4,58511842,0.966697092350601,NA,0.0330188679245284,106
PstI.TP100146,4,15152517,0.966709236072354,NA,0.0283018867924528,106
PstI.TP338917,3,70919217,0.966829892205014,NA,0.0849056603773585,106
NsiI.TP437484,2,63813676,0.967018519578222,NA,0.19811320754717,106
NsiI.TP452950,4,59507302,0.967023801965474,NA,0.174528301886792,106
NsiI.TP367540,1,5460609,0.967100716625739,NA,0.0188679245283019,106
PstI.TP119386,5,372761,0.967569779349764,NA,0.0471698113207547,106
PstI.TP299340,4,50252276,0.967807904980131,NA,0.141509433962264,106
PstI.TP613714,2,20235279,0.968318271481593,NA,0.0283018867924528,106
PstI.TP893646,2,69747250,0.968563588501856,NA,0.259433962264151,106
PstI.TP702632,6,57893518,0.969192856722076,NA,0.0566037735849056,106
NsiI.TP501941,3,65413138,0.969401172527541,NA,0.0235849056603774,106
NsiI.TP39399,1,4465777,0.969457757885148,NA,0.0943396226415094,106
PstI.TP5684,11,34,0.969753874459586,NA,0.169811320754717,106
PstI.TP612450,3,59785572,0.970075985240634,NA,0.0754716981132075,106
PstI.TP771256,10,59597858,0.970210626378182,NA,0.0235849056603774,106
PstI.TP460627,1,59468543,0.970284397577623,NA,0.0283018867924528,106
PstI.TP691935,11,4789,0.97053497029195,NA,0.113207547169811,106
NsiI.TP161913,9,58496317,0.97060515552792,NA,0.0283018867924528,106
PstI.TP325938,11,2583,0.970745991027448,NA,0.207547169811321,106
PstI.TP13077,6,48336818,0.971214886005377,NA,0.117924528301887,106
PstI.TP810363,3,8828897,0.971486075180503,NA,0.0707547169811321,106
NsiI.TP401909,11,13541,0.971521698350043,NA,0.117924528301887,106
PstI.TP166160,10,18059383,0.971909836098217,NA,0.188679245283019,106
PstI.TP1230172,3,50775530,0.972581510940604,NA,0.0283018867924528,106
PstI.TP132499,9,56107884,0.972892244957398,NA,0.080188679245283,106
PstI.TP261556,7,2620886,0.972975590554848,NA,0.0566037735849057,106
PstI.TP144413,11,1220,0.973326042146195,NA,0.485849056603774,106
PstI.TP145834,7,4944531,0.973464805725958,NA,0.174528301886792,106
PstI.TP88378,10,1544377,0.973520430896829,NA,0.0754716981132075,106
PstI.TP588767,10,43265382,0.973854063514314,NA,0.0188679245283019,106
PstI.TP743400,4,63406186,0.974107662832025,NA,0.283018867924528,106
PstI.TP451020,2,58599188,0.974108628449376,NA,0.325471698113208,106
NsiI.TP45545,2,67426599,0.974117197169342,NA,0.113207547169811,106
PstI.TP1106767,8,18038551,0.974677702246351,NA,0.122641509433962,106
PstI.TP1246584,1,1015480,0.975199303366401,NA,0.433962264150943,106
PstI.TP169712,10,6068006,0.975260256810785,NA,0.193396226415094,106
PstI.TP115547,3,11558444,0.975990413843415,NA,0.226415094339623,106
PstI.TP789962,2,75761816,0.97646585355991,NA,0.0801886792452831,106
PstI.TP951624,2,59246898,0.976562601031588,NA,0.0754716981132075,106
NsiI.TP364708,4,663022,0.976628497038924,NA,0.25,106
PstI.TP1023443,2,4929930,0.976825124580266,NA,0.0754716981132075,106
PstI.TP550408,9,3176103,0.977020241658939,NA,0.0330188679245284,106
PstI.TP1180967,11,8324,0.977321739203904,NA,0.268867924528302,106
PstI.TP1272933,11,8969,0.977439264580774,NA,0.108490566037736,106
PstI.TP581769,1,9144035,0.97795385787869,NA,0.0377358490566038,106
PstI.TP400705,7,1246953,0.978159160235111,NA,0.0235849056603774,106
PstI.TP241219,2,5225650,0.978162841664243,NA,0.0518867924528302,106
PstI.TP1151495,11,8085,0.97831660967615,NA,0.0283018867924528,106
PstI.TP946951,7,61799723,0.97887093403035,NA,0.0235849056603774,106
PstI.TP256850,6,49643828,0.97917791283028,NA,0.5,106
PstI.TP81443,3,72402402,0.979246790028616,NA,0.165094339622642,106
PstI.TP1137706,9,58368202,0.980094813641528,NA,0.0188679245283019,106
PstI.TP1042921,9,57481010,0.980268958031509,NA,0.0141509433962265,106
PstI.TP55980,11,467,0.98058764012877,NA,0.174528301886792,106
PstI.TP1218439,9,53101439,0.980669962566361,NA,0.14622641509434,106
PstI.TP55623,1,72147488,0.980702493026097,NA,0.0424528301886793,106
PstI.TP875573,3,60804814,0.980904689941946,NA,0.212264150943396,106
PstI.TP44472,3,66531786,0.981556280753227,NA,0.174528301886792,106
PstI.TP393591,2,65650487,0.981619678416746,NA,0.0283018867924528,106
NsiI.TP487741,1,69506512,0.982346484264545,NA,0.221698113207547,106
NsiI.TP487740,1,69506499,0.982420762497741,NA,0.10377358490566,106
PstI.TP157314,3,67817635,0.982706630715431,NA,0.0660377358490566,106
NsiI.TP634014,11,17006,0.98316249784547,NA,0.0141509433962264,106
PstI.TP1009541,3,68035202,0.983205974600044,NA,0.0188679245283019,106
NsiI.TP737772,8,24539132,0.983248974935738,NA,0.212264150943396,106
PstI.TP603772,3,3389590,0.983502539634602,NA,0.080188679245283,106
NsiI.TP521761,11,15563,0.983750586876002,NA,0.0141509433962264,106
PstI.TP1134469,11,7954,0.983818184055262,NA,0.0330188679245284,106
PstI.TP187122,5,2879937,0.984121843823095,NA,0.0518867924528302,106
PstI.TP1249095,3,69250097,0.984424154918099,NA,0.080188679245283,106
PstI.TP873911,2,65476325,0.984512089098296,NA,0.0990566037735849,106
PstI.TP876849,3,66050191,0.984534225654511,NA,0.193396226415094,106
PstI.TP225232,1,70799952,0.984996511595717,NA,0.0235849056603774,106
PstI.TP745785,6,45615805,0.985258765636468,NA,0.386792452830189,106
PstI.TP1217836,6,58435510,0.986273252238434,NA,0.0566037735849057,106
PstI.TP65397,3,7162104,0.986308536774934,NA,0.0471698113207547,106
PstI.TP133743,4,55575218,0.987451722926049,NA,0.0566037735849057,106
PstI.TP1215732,2,57449553,0.987770532502845,NA,0.452830188679245,106
NsiI.TP457459,1,76936701,0.987824017009589,NA,0.0188679245283019,106
PstI.TP132021,11,1110,0.98811395833218,NA,0.0707547169811321,106
PstI.TP1222662,3,63583875,0.988119691917158,NA,0.344339622641509,106
NsiI.TP379046,9,58431629,0.988451494646108,NA,0.226415094339623,106
PstI.TP1044741,10,47877662,0.988631053933347,NA,0.0377358490566038,106
PstI.TP1021466,1,68344473,0.988805014879069,NA,0.0377358490566038,106
NsiI.TP418719,1,80872893,0.989504819762333,NA,0.311320754716981,106
PstI.TP302137,11,2387,0.989666769092162,NA,0.240566037735849,106
PstI.TP143220,11,1205,0.989996109264135,NA,0.0141509433962264,106
PstI.TP686087,11,4741,0.99003138892869,NA,0.0566037735849057,106
NsiI.TP447144,3,63530717,0.990510668447992,NA,0.0849056603773585,106
PstI.TP1286414,10,12122103,0.990678964486034,NA,0.0377358490566038,106
PstI.TP320216,11,2535,0.990778197457939,NA,0.0707547169811321,106
PstI.TP828408,6,661825,0.990956839753894,NA,0.0990566037735849,106
PstI.TP1262700,11,8891,0.991536078002032,NA,0.0471698113207547,106
NsiI.TP426590,9,2752496,0.991831547464605,NA,0.0707547169811321,106
PstI.TP239022,8,58605820,0.992271384482009,NA,0.0330188679245283,106
PstI.TP120061,8,17255694,0.992511969026598,NA,0.0660377358490566,106
NsiI.TP111568,11,10319,0.993022556175853,NA,0.0377358490566038,106
NsiI.TP801925,11,18952,0.99302497356305,NA,0.358490566037736,106
PstI.TP120638,4,35323656,0.993117431340678,NA,0.150943396226415,106
PstI.TP337669,3,67023795,0.993279045422368,NA,0.212264150943396,106
PstI.TP1157052,9,56882603,0.993383480638423,NA,0.0283018867924528,106
PstI.TP1151255,1,77213117,0.993572494859983,NA,0.0660377358490566,106
PstI.TP115586,3,5715154,0.993676505854678,NA,0.165094339622642,106
PstI.TP166168,6,54279658,0.994026810553283,NA,0.0424528301886793,106
PstI.TP929174,2,65390153,0.994266308064403,NA,0.386792452830189,106
PstI.TP997226,7,651806,0.994421713142443,NA,0.132075471698113,106
NsiI.TP260145,9,55098373,0.994654447835277,NA,0.339622641509434,106
PstI.TP31701,2,71261586,0.994677302906258,NA,0.174528301886792,106
PstI.TP609962,5,53907385,0.99476307052033,NA,0.202830188679245,106
NsiI.TP19909,1,69328566,0.995084196533243,NA,0.372641509433962,106
PstI.TP985993,6,50461167,0.9951065749531,NA,0.0188679245283019,106
NsiI.TP551597,10,4780251,0.995245087644418,NA,0.108490566037736,106
PstI.TP1000572,4,59072057,0.9952578713468,NA,0.0660377358490566,106
PstI.TP261995,10,8063942,0.995592635875763,NA,0.141509433962264,106
PstI.TP845583,8,15926794,0.995912364151539,NA,0.207547169811321,106
NsiI.TP527741,10,55575641,0.995979316890676,NA,0.0566037735849057,106
PstI.TP714651,5,2641756,0.996807247242634,NA,0.14622641509434,106
PstI.TP1212297,11,8542,0.997112215345488,NA,0.132075471698113,106
NsiI.TP594174,2,1893390,0.997543353008055,NA,0.0377358490566038,106
PstI.TP151617,1,78724834,0.997619011482796,NA,0.165094339622642,106
NsiI.TP453307,4,59001286,0.997622452692138,NA,0.391509433962264,106
NsiI.TP824820,1,56735765,0.998111657047762,NA,0.0518867924528302,106
NsiI.TP215678,10,7915314,0.998732961225466,NA,0.188679245283019,106
PstI.TP994751,10,60309696,0.999036296486798,NA,0.0707547169811321,106
PstI.TP1005755,3,66200815,0.999201910998888,NA,0.0754716981132075,106
PstI.TP235874,11,1935,0.999520588951565,NA,0.141509433962264,106
PstI.TP489028,3,70489937,0.999724693695895,NA,0.0377358490566038,106
PstI.TP868305,3,57307103,0.99974437185508,NA,0.113207547169811,106
