SNP,Chromosome,Position,DF,t Value,std Error,effect
PstI.TP863331,1,  161269,110,0.195736417349396,0.00476744738852064,0.0377897216080717
PstI.TP425356,1,  569039,110,-0.732582580707858,0.00476744738852064,-0.168173744656278
PstI.TP999740,1,  569491,110,1.53410062308165,0.00476744738852064,0.272494595833209
PstI.TP1246584,1, 1015480,110,-0.988474968149769,0.00476744738852064,-0.0916613382401047
PstI.TP354591,1, 1050082,110,0.648022323178287,0.00476744738852064,0.084187374311015
PstI.TP856852,1, 1153760,110,0.458365037642641,0.00476744738852064,0.0843788722913325
PstI.TP417865,1, 2030761,110,0.018799736373846,0.00476744738852064,0.00303826694168122
PstI.TP885267,1, 2084430,110,-0.244957559211279,0.00476744738852064,-0.0607991464404099
PstI.TP1294018,1, 2280325,110,-0.96137669987792,0.00476744738852064,-0.175929672500346
PstI.TP1268585,1, 2988383,110,-0.928504014277441,0.00476744738852064,-0.181057570228611
PstI.TP849876,1, 3050119,110,-0.488145832116464,0.00476744738852064,-0.0740970428691127
PstI.TP626124,1, 3342723,110,0.205505153663276,0.00476744738852064,0.0541390497341225
PstI.TP1059573,1, 3357749,110,-0.858362919719486,0.00476744738852064,-0.158802594644368
PstI.TP1244443,1, 3397749,110,-1.54864561964901,0.00476744738852064,-0.236384814461142
PstI.TP726521,1, 3535515,110,0.122024153107096,0.00476744738852064,0.0277154221263304
PstI.TP374511,1, 3576636,110,1.0323681792031,0.00476744738852064,0.174354639712057
PstI.TP1267977,1, 3576713,110,-0.538745619484189,0.00476744738852064,-0.091861052233489
PstI.TP961085,1, 3705536,110,0.202128751400436,0.00476744738852064,0.0213278035965901
PstI.TP21889,1, 3705780,110,0.79596038155289,0.00476744738852064,0.0931752949962594
PstI.TP891020,1, 4033768,110,0.320592417899398,0.00476744738852064,0.0586451580429972
PstI.TP140451,1, 4460094,110,1.01318258866295,0.00476744738852064,0.135722299560199
NsiI.TP39399,1, 4465777,110,0.830612073641725,0.00476744738852064,0.133860856959743
NsiI.TP468762,1, 4620729,110,-0.0548844728904607,0.00476744738852064,-0.0122841654223549
PstI.TP307588,1, 4762662,110,2.40421679632162,0.00476744738852064,0.525318087461917
PstI.TP920636,1, 4777048,110,-1.99823142024823,0.00476744738852064,-0.349934105905013
PstI.TP683907,1, 4900973,110,-0.645284712086516,0.00476744738852064,-0.0872792149663178
PstI.TP402429,1, 4990016,110,-0.408262663744556,0.00476744738852064,-0.0800009179732199
PstI.TP684655,1, 5379329,110,-0.525905468716545,0.00476744738852064,-0.0596766178515253
PstI.TP291849,1, 5571398,110,-0.934658697806002,0.00476744738852064,-0.128052306856845
PstI.TP677745,1, 5751851,110,0.918816540243314,0.00476744738852064,0.112448826328511
PstI.TP356699,1, 5752437,110,0.82158604656045,0.00476744738852064,0.218605734990824
PstI.TP705967,1, 5858828,110,-2.12325464008642,0.00476744738852064,-0.461350746917811
PstI.TP1252197,1, 5912854,110,1.27916327107953,0.00476744738852064,0.217887344843172
PstI.TP116123,1, 5967108,110,0.366658631432337,0.00476744738852064,0.0779907173762669
PstI.TP523933,1, 6018181,110,-1.42124957326773,0.00476744738852064,-0.148399810858298
NsiI.TP488601,1, 6409370,110,0.786020951537338,0.00476744738852064,0.0849916611881031
PstI.TP1015835,1, 6514843,110,-0.803479067285869,0.00476744738852064,-0.119850658321859
PstI.TP547229,1, 6574881,110,0.250504172806639,0.00476744738852064,0.0531611323530554
PstI.TP1129801,1, 6608649,110,1.50958433934204,0.00476744738852064,0.183847642811356
PstI.TP1245357,1, 6748280,110,-1.13318586323336,0.00476744738852064,-0.233718936797397
PstI.TP444825,1, 6930877,110,0.305778616236621,0.00476744738852064,0.0769165883117349
PstI.TP806450,1, 7007771,110,-1.48723013024213,0.00476744738852064,-0.210550511144216
PstI.TP443586,1, 7215893,110,1.23016872591807,0.00476744738852064,0.13195375414422
NsiI.TP375218,1, 7321465,110,0.329238967655028,0.00476744738852064,0.0542161703298848
PstI.TP451905,1, 7339832,110,0.943895699628409,0.00476744738852064,0.188030476348767
PstI.TP712786,1, 7449325,110,-0.22026922338718,0.00476744738852064,-0.0383614341811304
PstI.TP1137764,1, 7486769,110,-0.743271382304939,0.00476744738852064,-0.163518784158457
PstI.TP1173447,1, 7571007,110,-0.631387390089566,0.00476744738852064,-0.125933142703888
PstI.TP973605,1, 7933170,110,0.247998342654567,0.00476744738852064,0.0412276914253548
PstI.TP972953,1, 7984963,110,0.905969764263995,0.00476744738852064,0.0911565532351392
PstI.TP308053,1, 8330660,110,-0.551882900207934,0.00476744738852064,-0.106063923674226
PstI.TP424566,1, 8533790,110,0.444886549168677,0.00476744738852064,0.0749290559650178
PstI.TP461927,1, 9014162,110,0.354308864617465,0.00476744738852064,0.0688617372333975
PstI.TP443245,1, 9039678,110,-0.892319416703298,0.00476744738852064,-0.16945021132878
PstI.TP542649,1, 9116308,110,-0.109245212759432,0.00476744738852064,-0.0267208195766655
PstI.TP745827,1, 9270379,110,1.30840994490625,0.00476744738852064,0.253402956309653
PstI.TP456141,1, 9284445,110,-1.3091152155168,0.00476744738852064,-0.270847879806463
PstI.TP701371,1, 9558859,110,1.60992038580564,0.00476744738852064,0.365898108505777
PstI.TP390724,1, 9756005,110,0.115049871515925,0.00476744738852064,0.0194746645880872
PstI.TP377610,1, 9851445,110,0.900350271419691,0.00476744738852064,0.25542472461666
PstI.TP498398,1,10010021,110,-1.29246949292064,0.00476744738852064,-0.255640425239736
PstI.TP1106149,1,10181736,110,0.124161252901531,0.00476744738852064,0.0174591287395593
NsiI.TP360999,1,10465743,110,0.712063332746798,0.00476744738852064,0.193455785724219
PstI.TP91211,1,10530796,110,0.297662031679381,0.00476744738852064,0.0404267107131486
PstI.TP488889,1,10576905,110,0.370707178801109,0.00476744738852064,0.0657952647600526
PstI.TP980214,1,10687788,110,0.464218948950817,0.00476744738852064,0.0499104707957825
PstI.TP869093,1,11187262,110,-0.389074704124314,0.00476744738852064,-0.051758861806886
PstI.TP835148,1,11456164,110,1.11198618406868,0.00476744738852064,0.213620321343831
PstI.TP1045636,1,11697258,110,0.361456240867281,0.00476744738852064,0.0555899741085003
PstI.TP319571,1,11815150,110,-0.111082151173273,0.00476744738852064,-0.0122474652460134
PstI.TP1288084,1,11935767,110,-0.705080777118139,0.00476744738852064,-0.103213839846081
PstI.TP308387,1,12249163,110,0.480302491658798,0.00476744738852064,0.0543775422738626
PstI.TP401102,1,12714512,110,0.971265429830931,0.00476744738852064,0.244618073683206
PstI.TP770895,1,13263569,110,2.41425103331308,0.00476744738852064,0.364848392151202
PstI.TP726878,1,13263594,110,0.0666628983301564,0.00476744738852064,0.0100843703385207
PstI.TP473065,1,14979768,110,-0.460662083536509,0.00476744738852064,-0.0529332809074234
PstI.TP994295,1,15000089,110,-0.673831889715871,0.00476744738852064,-0.101010381532343
NsiI.TP173516,1,15009936,110,-1.66276128064534,0.00476744738852064,-0.24090357865794
PstI.TP1150194,1,16733554,110,0.0629591984663165,0.00476744738852064,0.0171307110403429
PstI.TP97518,1,17476051,110,1.78882385866668,0.00476744738852064,0.295433240049243
PstI.TP1199192,1,17514476,110,-0.0823866308024561,0.00476744738852064,-0.00881117820677391
PstI.TP353784,1,18167193,110,1.43576751397802,0.00476744738852064,0.329059297056757
PstI.TP510832,1,18167351,110,-1.90682481054717,0.00476744738852064,-0.414593586099208
NsiI.TP20060,1,18191763,110,-0.0505731510322626,0.00476744738852064,-0.00930718367627253
PstI.TP1279895,1,18383885,110,0.0742029295671579,0.00476744738852064,0.0120762440303853
PstI.TP533117,1,18662889,110,0.567121981289692,0.00476744738852064,0.1472916124694
PstI.TP166501,1,18793961,110,-1.38552832335699,0.00476744738852064,-0.203646968085709
PstI.TP298371,1,19099334,110,-1.78848829998107,0.00476744738852064,-0.276959542674322
PstI.TP458499,1,19100550,110,-0.338961179988027,0.00476744738852064,-0.0412583064808857
PstI.TP579186,1,19637965,110,0.174368364393162,0.00476744738852064,0.0475151328334197
PstI.TP574132,1,19943823,110,1.40174790511658,0.00476744738852064,0.338674156247536
PstI.TP890977,1,20013575,110,0.0418828089249904,0.00476744738852064,0.00546770089361934
NsiI.TP440927,1,20252244,110,-0.150120308589286,0.00476744738852064,-0.0364577910628675
PstI.TP1239144,1,20685889,110,-0.555669158274701,0.00476744738852064,-0.0803269194030529
PstI.TP851166,1,21305923,110,1.63852023716355,0.00476744738852064,0.382342561373081
PstI.TP791712,1,21320307,110,-0.294640442809346,0.00476744738852064,-0.0504015302788357
PstI.TP198890,1,21626192,110,-0.0101423175466871,0.00476744738852064,-0.00151619008375808
PstI.TP1074331,1,21885836,110,-1.97156575728274,0.00476744738852064,-0.283422919438644
PstI.TP1133775,1,23057893,110,-0.0975191514360869,0.00476744738852064,-0.0161769339451019
PstI.TP884909,1,23972025,110,0.526822453433147,0.00476744738852064,0.112101883358913
PstI.TP757921,1,26848011,110,-0.148932641793125,0.00476744738852064,-0.0162042771293416
PstI.TP288641,1,27158173,110,0.362274744158639,0.00476744738852064,0.0775001082318825
PstI.TP896979,1,28970255,110,-1.28622734697242,0.00476744738852064,-0.952083571055721
PstI.TP510044,1,31327463,110,0.358414815656472,0.00476744738852064,0.035421539993773
PstI.TP231608,1,46403489,110,-0.466085277692543,0.00476744738852064,-0.0803093835865059
PstI.TP1162168,1,50144561,110,0.650977202982066,0.00476744738852064,0.105624429303216
PstI.TP1138376,1,51888724,110,-0.481120693369388,0.00476744738852064,-0.0814261885166765
PstI.TP481755,1,51889649,110,-0.843326326672695,0.00476744738852064,-0.164337909694778
PstI.TP452799,1,52828554,110,0.292687401210412,0.00476744738852064,0.0318378224558944
PstI.TP643290,1,53455562,110,0.654687112975893,0.00476744738852064,0.10436458595419
PstI.TP1007712,1,56295361,110,-1.04189570902261,0.00476744738852064,-0.152703098314283
PstI.TP822327,1,56871868,110,-1.55116852958113,0.00476744738852064,-0.243277640666106
PstI.TP377200,1,56910407,110,0.20909978256193,0.00476744738852064,0.0216462237613083
PstI.TP1041006,1,57001520,110,-0.558591276086816,0.00476744738852064,-0.0864837596455444
PstI.TP807213,1,57183105,110,2.25397981688503,0.00476744738852064,0.572652291047533
PstI.TP1165736,1,57192298,110,-0.488943490673759,0.00476744738852064,-0.111918633625906
PstI.TP264010,1,57283338,110,2.28288445018989,0.00476744738852064,0.27454613637608
PstI.TP708344,1,57964831,110,1.10178515453653,0.00476744738852064,0.1335640117955
PstI.TP720409,1,58165134,110,-1.51845509294738,0.00476744738852064,-0.161758245597278
PstI.TP607895,1,58398018,110,1.299506667401,0.00476744738852064,0.145364420468761
NsiI.TP509280,1,58994548,110,-1.37658169902426,0.00476744738852064,-0.165531578102729
PstI.TP975092,1,59040624,110,-0.497236779390736,0.00476744738852064,-0.112333482869986
PstI.TP546331,1,59140499,110,-0.968937506966831,0.00476744738852064,-0.197162758261694
PstI.TP457393,1,60097068,110,-0.756173930387439,0.00476744738852064,-0.115188170313407
PstI.TP308061,1,60402946,110,1.25352470625405,0.00476744738852064,0.333859657035479
PstI.TP110030,1,60421130,110,-0.516565920347626,0.00476744738852064,-0.0589194158600553
PstI.TP1014707,1,60949616,110,1.92567864184825,0.00476744738852064,0.242184888556224
PstI.TP774975,1,61157443,110,-0.234637663304374,0.00476744738852064,-0.0538395317642077
PstI.TP365645,1,61353360,110,-0.64751747117245,0.00476744738852064,-0.105761470890455
PstI.TP288904,1,62080065,110,0.579003140398069,0.00476744738852064,0.0892992297401539
PstI.TP1235985,1,62443684,110,-2.71658844074012,0.00476744738852064,-0.394549216593705
PstI.TP332665,1,62857264,110,0.485453134028428,0.00476744738852064,0.130938465511999
PstI.TP1032405,1,62899325,110,-1.88485318065205,0.00476744738852064,-0.40045329012729
PstI.TP834485,1,62936010,110,0.364479203133833,0.00476744738852064,0.0663216362628067
PstI.TP424159,1,63417435,110,0.15068863734079,0.00476744738852064,0.0315786202860079
PstI.TP84880,1,63680478,110,-1.39365483578934,0.00476744738852064,-0.289539061755514
NsiI.TP267317,1,63808055,110,-1.36807153234651,0.00476744738852064,-0.163365646975958
PstI.TP608352,1,63849910,110,0.564047901673877,0.00476744738852064,0.0744968741108635
PstI.TP622702,1,63849924,110,-1.07930933680977,0.00476744738852064,-0.107964607823159
PstI.TP816739,1,64060896,110,0.752164617791944,0.00476744738852064,0.11859716836924
PstI.TP997652,1,64799296,110,0.97579473605224,0.00476744738852064,0.121498475746727
PstI.TP944748,1,64883503,110,0.512285844435361,0.00476744738852064,0.126645300616241
PstI.TP876794,1,65066495,110,-1.44551640608904,0.00476744738852064,-0.399285456183105
PstI.TP961110,1,65184135,110,1.64065781381156,0.00476744738852064,0.216681094700514
PstI.TP477712,1,65237054,110,0.207690689152773,0.00476744738852064,0.0278967260253307
PstI.TP197677,1,65249144,110,-1.42142534858922,0.00476744738852064,-0.200694674073745
PstI.TP924658,1,65264909,110,-0.125024709919114,0.00476744738852064,-0.0189595422626989
NsiI.TP615624,1,65289533,110,-1.22395949634025,0.00476744738852064,-0.193779544467313
PstI.TP786567,1,65736737,110,0.714930610436691,0.00476744738852064,0.0654419457768921
PstI.TP966260,1,65795867,110,0.897054690158005,0.00476744738852064,0.134224737490002
PstI.TP530837,1,65836675,110,-0.506480355913164,0.00476744738852064,-0.0878385913231894
NsiI.TP763660,1,66404152,110,0.502947886983752,0.00476744738852064,0.089797688322005
PstI.TP393536,1,66632271,110,-0.939790264480906,0.00476744738852064,-0.119310675831358
PstI.TP1020853,1,66882875,110,0.310018991822688,0.00476744738852064,0.0400139157968006
PstI.TP1171121,1,67376990,110,-0.20221630041116,0.00476744738852064,-0.0316399298077017
PstI.TP787593,1,67474277,110,1.46742137297377,0.00476744738852064,0.269640989467608
NsiI.TP712037,1,67933970,110,0.0144076647851826,0.00476744738852064,0.00150556558153081
PstI.TP420086,1,68042057,110,0.0253579544747493,0.00476744738852064,0.00688151788827968
PstI.TP94114,1,68081418,110,0.829853748423463,0.00476744738852064,0.286113704956059
PstI.TP618427,1,68135205,110,0.441459304936166,0.00476744738852064,0.0659575340139261
PstI.TP929783,1,68577350,110,0.625150533630997,0.00476744738852064,0.114998520221319
PstI.TP1045708,1,69041513,110,0.943426082485485,0.00476744738852064,0.142308954631868
PstI.TP871336,1,69055455,110,0.308633566385228,0.00476744738852064,0.0749590886039163
PstI.TP884447,1,69119836,110,0.48301129165046,0.00476744738852064,0.0525725217337197
PstI.TP468115,1,69143489,110,-0.423777653303273,0.00476744738852064,-0.0678872989957976
PstI.TP299690,1,69193739,110,0.317474798752989,0.00476744738852064,0.0545058623077837
PstI.TP754866,1,69204551,110,-0.607294722708572,0.00476744738852064,-0.140509423884422
PstI.TP345976,1,69318742,110,-0.542649857775608,0.00476744738852064,-0.132921994148546
NsiI.TP19909,1,69328566,110,-0.939336057236006,0.00476744738852064,-0.0853108295196763
PstI.TP687743,1,69969234,110,0.553922245562111,0.00476744738852064,0.0856313912491328
PstI.TP452364,1,70416615,110,-0.248666531668419,0.00476744738852064,-0.0730963448250515
PstI.TP180949,1,70527436,110,0.74052150339236,0.00476744738852064,0.113131613467637
PstI.TP663427,1,70529598,110,1.4726599009937,0.00476744738852064,0.296679589397829
PstI.TP448080,1,70586488,110,-0.83579704765329,0.00476744738852064,-0.149198338601996
PstI.TP1205408,1,70741243,110,-1.05901420380922,0.00476744738852064,-0.138203407455147
PstI.TP665587,1,70753604,110,0.147853938368339,0.00476744738852064,0.0289733634818063
PstI.TP69823,1,70805200,110,0.914410895971496,0.00476744738852064,0.119801647233158
PstI.TP142395,1,71238859,110,-2.24823064421851,0.00476744738852064,-0.358926863339399
PstI.TP1177494,1,71370263,110,0.863589700107679,0.00476744738852064,0.218829751349141
PstI.TP826904,1,71509086,110,-1.07647177378347,0.00476744738852064,-0.20014293430317
PstI.TP352846,1,71717994,110,-1.60792473958785,0.00476744738852064,-0.171532318529876
PstI.TP436494,1,71906250,110,-0.894075739796203,0.00476744738852064,-0.0938488916250228
PstI.TP590182,1,71928782,110,1.63101738687277,0.00476744738852064,0.380016753128833
PstI.TP1150061,1,72347889,110,-0.550418988292445,0.00476744738852064,-0.114962060946202
PstI.TP1207347,1,72663921,110,-0.175267901870417,0.00476744738852064,-0.0241031274150922
PstI.TP82716,1,72737215,110,0.491303454650549,0.00476744738852064,0.0541135434915143
PstI.TP1212476,1,73145262,110,-0.714304029388945,0.00476744738852064,-0.163088208529754
PstI.TP1047587,1,73170480,110,-0.651041455657448,0.00476744738852064,-0.133264396055007
PstI.TP448761,1,73324734,110,0.0210584114471853,0.00476744738852064,0.00374394684013235
PstI.TP837664,1,73498170,110,-0.15530756253264,0.00476744738852064,-0.0262192760895651
PstI.TP1088043,1,73790447,110,-0.613154442315132,0.00476744738852064,-0.163602175579244
PstI.TP544748,1,73791429,110,1.18527081966983,0.00476744738852064,0.325656230584128
PstI.TP189129,1,73890221,110,-2.16151414178125,0.00476744738852064,-0.59875655506133
PstI.TP187405,1,73910743,110,-0.789156796504479,0.00476744738852064,-0.157248643878598
PstI.TP513006,1,73971974,110,2.24536907965131,0.00476744738852064,0.309537598255573
PstI.TP334182,1,74360210,110,-0.139192607745665,0.00476744738852064,-0.0326282007109795
PstI.TP258621,1,74361721,110,2.72996632720341,0.00476744738852064,0.563787320396214
PstI.TP706856,1,74539608,110,-0.217912049488614,0.00476744738852064,-0.0374562829724092
PstI.TP1203869,1,74588086,110,-0.0594264087409599,0.00476744738852064,-0.0145048308086653
PstI.TP95450,1,74768149,110,-0.228975151512827,0.00476744738852064,-0.0302450103751316
PstI.TP241635,1,75313297,110,-0.552903077021017,0.00476744738852064,-0.0947800764126986
PstI.TP1014264,1,75579176,110,0.840463471471151,0.00476744738852064,0.169554809600583
PstI.TP1065133,1,75825553,110,0.671213510892499,0.00476744738852064,0.156921368116508
PstI.TP744556,1,76101544,110,-0.575942739743396,0.00476744738852064,-0.0563508602161724
PstI.TP357677,1,76102511,110,-0.0734412005438291,0.00476744738852064,-0.00872101101498415
PstI.TP742499,1,76179984,110,-0.208088104945418,0.00476744738852064,-0.0278518050298976
NsiI.TP499934,1,76362422,110,-0.101279467423172,0.00476744738852064,-0.0143719291771338
NsiI.TP457548,1,76928921,110,-0.196099720114752,0.00476744738852064,-0.0292884668507766
NsiI.TP521277,1,77064058,110,1.23986467137408,0.00476744738852064,0.350274147553732
PstI.TP864305,1,77077806,110,0.319984942049888,0.00476744738852064,0.0475057314351174
PstI.TP1151255,1,77213117,110,1.60567806657083,0.00476744738852064,0.385198434892378
PstI.TP189885,1,77223222,110,0.624929224016609,0.00476744738852064,0.170146558143322
PstI.TP315020,1,77386737,110,-2.57722686775079,0.00476744738852064,-0.396233678238012
PstI.TP553319,1,77643893,110,-1.47421121254304,0.00476744738852064,-0.189343810996863
PstI.TP411298,1,77771698,110,-0.464348419573578,0.00476744738852064,-0.0894161933539308
NsiI.TP193091,1,77956626,110,0.903655341003519,0.00476744738852064,0.144366116816221
PstI.TP130255,1,78156903,110,-0.705107018582287,0.00476744738852064,-0.0781677991448008
PstI.TP459121,1,78162835,110,-0.983841547004548,0.00476744738852064,-0.200880413536016
PstI.TP652837,1,78182401,110,-0.29453479120636,0.00476744738852064,-0.038407000439174
PstI.TP168334,1,78240700,110,0.34154541007782,0.00476744738852064,0.0366926244506193
PstI.TP1144768,1,78240904,110,-0.153636116643031,0.00476744738852064,-0.0301545353949653
PstI.TP217199,1,78396312,110,0.317371547594952,0.00476744738852064,0.0647225163650862
PstI.TP1084987,1,78521283,110,-0.506671289777357,0.00476744738852064,-0.108025579119951
PstI.TP837802,1,78565577,110,-0.791135160976069,0.00476744738852064,-0.130627920052302
PstI.TP835300,1,78565589,110,-1.11440250711513,0.00476744738852064,-0.188106277213428
PstI.TP151617,1,78724834,110,-0.180102678753497,0.00476744738852064,-0.0267153696021354
PstI.TP1195390,1,78927004,110,0.0114268658536583,0.00476744738852064,0.00236244687495069
PstI.TP353803,1,78947488,110,-0.782833535196115,0.00476744738852064,-0.0760766430045391
PstI.TP434977,1,79165905,110,-0.0810649429528698,0.00476744738852064,-0.0135097628739523
NsiI.TP621776,1,79466998,110,-0.397264842445146,0.00476744738852064,-0.056525589598407
PstI.TP172804,1,79485436,110,0.0531588767860635,0.00476744738852064,0.010878884066504
PstI.TP1216566,1,79599777,110,-0.635355042863906,0.00476744738852064,-0.150338317446851
PstI.TP1025772,1,79665639,110,0.392858001555982,0.00476744738852064,0.0554572859092766
NsiI.TP454955,1,79688846,110,1.16730721037338,0.00476744738852064,0.280145088929365
PstI.TP95174,1,79947590,110,-0.656231563840973,0.00476744738852064,-0.124708849637982
NsiI.TP655257,1,80728948,110,1.89715819023108,0.00476744738852064,0.413896649719057
NsiI.TP418719,1,80872893,110,-0.909784128232641,0.00476744738852064,-0.130357594925187
PstI.TP703969,1,80877289,110,0.207567166247532,0.00476744738852064,0.0366281064050572
NsiI.TP39740,2,  186613,110,1.72758931898064,0.00476744738852064,0.318870845878886
NsiI.TP282888,2,  675031,110,0.286769359830186,0.00476744738852064,0.0591547588210082
PstI.TP790069,2,  699673,110,0.868244572317582,0.00476744738852064,0.159162123025683
PstI.TP1120910,2, 2555547,110,-0.574117139208031,0.00476744738852064,-0.0906982064293228
PstI.TP360841,2, 2832783,110,-0.432987570806996,0.00476744738852064,-0.0554490228936735
PstI.TP8678,2, 2984246,110,-0.337460260341141,0.00476744738852064,-0.0344652329129601
PstI.TP229147,2, 3390758,110,-0.756438149648125,0.00476744738852064,-0.183921310287855
PstI.TP219584,2, 3429973,110,-0.00808705263352171,0.00476744738852064,-0.000847004879514446
PstI.TP794569,2, 3715278,110,0.826151676460625,0.00476744738852064,0.153288098844593
PstI.TP493468,2, 4347785,110,0.389581315688069,0.00476744738852064,0.0443455314075559
PstI.TP342466,2, 4686314,110,0.502951302823018,0.00476744738852064,0.0888225317071789
PstI.TP1023443,2, 4929930,110,0.728061965396715,0.00476744738852064,0.160469622369907
PstI.TP297282,2, 5214604,110,0.476377971539776,0.00476744738852064,0.0723493631573128
PstI.TP580104,2, 5389101,110,0.475424183282864,0.00476744738852064,0.0783953792285778
PstI.TP957946,2, 6015319,110,0.631672550364923,0.00476744738852064,0.061895145322223
PstI.TP921414,2, 7249958,110,-0.579042927574007,0.00476744738852064,-0.0857715287991848
PstI.TP901866,2, 7365029,110,0.64721114250975,0.00476744738852064,0.102079672999305
PstI.TP410821,2, 8615723,110,-0.928238809926386,0.00476744738852064,-0.183958440482664
PstI.TP577735,2, 9251583,110,0.462375197829724,0.00476744738852064,0.0646263934724105
PstI.TP749310,2, 9525754,110,3.07230569459983,0.00476744738852064,0.442325118518722
PstI.TP374085,2, 9617733,110,0.902267831925417,0.00476744738852064,0.131191158447136
PstI.TP845869,2, 9862801,110,-0.191898431568819,0.00476744738852064,-0.0433463425347788
PstI.TP452173,2,10527282,110,-1.63348272408968,0.00476744738852064,-0.18663815464634
PstI.TP87823,2,12499508,110,-0.454928414576056,0.00476744738852064,-0.0730559210654252
PstI.TP139749,2,13559614,110,0.492794739475474,0.00476744738852064,0.0540690142545894
PstI.TP947087,2,13610693,110,-1.13365700022566,0.00476744738852064,-0.168041536052915
PstI.TP706479,2,14264983,110,-0.162288726162096,0.00476744738852064,-0.0296813437622914
PstI.TP478908,2,14478233,110,1.55414355023023,0.00476744738852064,0.165696511912906
PstI.TP108652,2,15963619,110,0.83035125980773,0.00476744738852064,0.0849608130337976
PstI.TP197948,2,18537474,110,1.10251656176685,0.00476744738852064,0.154823513334711
PstI.TP1097010,2,19533020,110,0.545990819123744,0.00476744738852064,0.0968231835386976
PstI.TP323280,2,20594752,110,0.328135300398847,0.00476744738852064,0.0320071487004496
PstI.TP815699,2,20860666,110,-0.144199747237233,0.00476744738852064,-0.0172116925760598
PstI.TP982120,2,21428233,110,1.35821912031583,0.00476744738852064,0.309275759924387
PstI.TP549798,2,23212519,110,-1.69568132978626,0.00476744738852064,-0.180891243074167
PstI.TP833228,2,23342056,110,-0.852437313136991,0.00476744738852064,-0.222302022879958
PstI.TP18098,2,23769344,110,-0.0503780009127063,0.00476744738852064,-0.0115476867252231
PstI.TP1277536,2,23996480,110,0.866785756440689,0.00476744738852064,0.165674314277795
PstI.TP402269,2,27615402,110,0.709259588630121,0.00476744738852064,0.0738107104872047
PstI.TP840565,2,31129874,110,-1.16423897688187,0.00476744738852064,-0.28709059234637
PstI.TP115189,2,41366046,110,1.21692600377694,0.00476744738852064,0.119545630260516
PstI.TP117081,2,45986549,110,0.541059354184659,0.00476744738852064,0.1346829449962
PstI.TP385344,2,46664405,110,1.46004375091789,0.00476744738852064,0.250026133046335
PstI.TP745907,2,50691405,110,0.0160447624482684,0.00476744738852064,0.00176479724374343
PstI.TP334931,2,51848838,110,0.060723804718767,0.00476744738852064,0.0085246302963521
PstI.TP938200,2,54569410,110,0.0424673807575912,0.00476744738852064,0.0057573101987843
PstI.TP695158,2,55008713,110,1.24815503469742,0.00476744738852064,0.172336770974919
PstI.TP541874,2,55037354,110,0.30704623484716,0.00476744738852064,0.0516792714859023
PstI.TP65472,2,55384747,110,-1.16983811370709,0.00476744738852064,-0.146462261199485
PstI.TP476886,2,55394288,110,-2.47820496321376,0.00476744738852064,-0.362865845136055
PstI.TP1223116,2,55714459,110,-0.118698017919562,0.00476744738852064,-0.0212928778124508
PstI.TP692281,2,56248202,110,0.553825178261401,0.00476744738852064,0.131498786187268
PstI.TP86008,2,57163563,110,-0.764874013470536,0.00476744738852064,-0.0855247627250508
PstI.TP249296,2,57415075,110,-0.198227026579242,0.00476744738852064,-0.0345270601657915
PstI.TP1215732,2,57449553,110,-1.14974534546589,0.00476744738852064,-0.149651280745867
PstI.TP993272,2,58286678,110,1.88133889775399,0.00476744738852064,0.773995600227786
PstI.TP721827,2,58288607,110,0.531290948495745,0.00476744738852064,0.0663025042516532
PstI.TP64046,2,58295714,110,0.920894993969135,0.00476744738852064,0.310687264221466
NsiI.TP502909,2,58325149,110,-0.635682364515235,0.00476744738852064,-0.169267227470163
PstI.TP690744,2,58500961,110,0.486372729763155,0.00476744738852064,0.0644717494481535
PstI.TP1046643,2,58595318,110,-0.53104681866712,0.00476744738852064,-0.0764170761726482
PstI.TP844985,2,58637331,110,-1.06762003963243,0.00476744738852064,-0.264922331430725
PstI.TP243328,2,58674737,110,-1.38378249158413,0.00476744738852064,-0.149822302449302
PstI.TP76191,2,58722393,110,-0.889490477083157,0.00476744738852064,-0.223693720416223
PstI.TP951624,2,59246898,110,-0.407314608722944,0.00476744738852064,-0.0987153255791323
PstI.TP738023,2,59441982,110,1.77081267753195,0.00476744738852064,0.19841604830099
PstI.TP810140,2,59709495,110,0.939025775343279,0.00476744738852064,0.198932086227332
PstI.TP338856,2,59737782,110,2.01607016990186,0.00476744738852064,0.351499425740544
PstI.TP632941,2,59755581,110,-0.307700948402034,0.00476744738852064,-0.0479232700586479
PstI.TP1178906,2,60492006,110,-1.69452957152043,0.00476744738852064,-0.39127616488123
PstI.TP929497,2,60716322,110,2.20628805857216,0.00476744738852064,0.326002023531935
PstI.TP65744,2,60726974,110,-1.32455120955383,0.00476744738852064,-0.209332731595552
PstI.TP30748,2,61112102,110,0.0110681006255756,0.00476744738852064,0.00255267506713613
PstI.TP694469,2,61192392,110,2.33243493818427,0.00476744738852064,0.239119515029298
PstI.TP250202,2,61270945,110,-0.150379789469039,0.00476744738852064,-0.0230424197957973
PstI.TP548709,2,61335066,110,1.0879381755093,0.00476744738852064,0.206468154446078
PstI.TP762318,2,61355207,110,0.440047857971041,0.00476744738852064,0.115408241332363
PstI.TP1008253,2,61356637,110,-1.22686877116596,0.00476744738852064,-0.20077417917606
PstI.TP1161045,2,61497818,110,0.368868177150315,0.00476744738852064,0.0767113980946697
PstI.TP812943,2,61589887,110,1.28213031174695,0.00476744738852064,0.214890749560904
PstI.TP975023,2,61638010,110,0.102895153291522,0.00476744738852064,0.0201607429945435
PstI.TP44348,2,61688094,110,0.366334379285393,0.00476744738852064,0.0622020707540542
PstI.TP641744,2,61738293,110,2.01141719302627,0.00476744738852064,0.263973766111142
PstI.TP1148558,2,62049812,110,-0.686038458295894,0.00476744738852064,-0.190750903362457
PstI.TP532736,2,62195730,110,-2.21146631706244,0.00476744738852064,-0.295798173849718
PstI.TP1181052,2,62344184,110,-1.23755436996095,0.00476744738852064,-0.189279046945617
PstI.TP178231,2,62690478,110,1.47145524014782,0.00476744738852064,0.186277212924616
PstI.TP1121003,2,62934564,110,-0.783931766450396,0.00476744738852064,-0.144884809040837
PstI.TP454285,2,63153549,110,0.486187854791029,0.00476744738852064,0.102161722945334
PstI.TP460957,2,63153566,110,0.376478657098708,0.00476744738852064,0.0714349008192752
PstI.TP1217033,2,63330699,110,-0.510284889518864,0.00476744738852064,-0.0915887175637879
PstI.TP578565,2,63409175,110,-0.987381428964262,0.00476744738852064,-0.170922562347952
PstI.TP1021339,2,63565830,110,-0.00464956287571671,0.00476744738852064,-0.00102743676018835
PstI.TP1069784,2,63643324,110,-0.0720167959797001,0.00476744738852064,-0.01993080952315
PstI.TP982615,2,63682812,110,-0.333204058030666,0.00476744738852064,-0.0319246104726045
PstI.TP449117,2,63692942,110,-0.0043011719734004,0.00476744738852064,-0.000571019861747124
PstI.TP228545,2,63881407,110,-0.781712936629302,0.00476744738852064,-0.0790021847205322
PstI.TP332893,2,63934460,110,-0.360475287990879,0.00476744738852064,-0.0514537324642489
PstI.TP632828,2,64238905,110,1.54368905925541,0.00476744738852064,0.312823566976294
PstI.TP268085,2,64265265,110,1.73169637503877,0.00476744738852064,0.432047061990022
PstI.TP150789,2,64840814,110,-0.203085090711258,0.00476744738852064,-0.035326810627527
PstI.TP384804,2,65029446,110,-0.388599531723561,0.00476744738852064,-0.0505833090839287
PstI.TP873911,2,65476325,110,-0.707960061706335,0.00476744738852064,-0.192777842931174
PstI.TP636397,2,65617813,110,-1.86713500539657,0.00476744738852064,-0.295518522635504
PstI.TP573905,2,65757565,110,1.3236846140495,0.00476744738852064,0.135047475829716
PstI.TP976293,2,66188757,110,-0.563625688648163,0.00476744738852064,-0.122716359969059
PstI.TP773869,2,66744137,110,1.1060001478029,0.00476744738852064,0.136564325628912
PstI.TP434461,2,66813498,110,0.412534309223885,0.00476744738852064,0.0410153782937123
PstI.TP925971,2,67121384,110,0.617541386676851,0.00476744738852064,0.0749258997997803
PstI.TP1230363,2,67341370,110,-0.229143914497007,0.00476744738852064,-0.0463158316163199
NsiI.TP751924,2,67349192,110,-0.174349750647392,0.00476744738852064,-0.0176552214036764
NsiI.TP213158,2,67720379,110,-0.785485862420597,0.00476744738852064,-0.0850508576662658
PstI.TP1093731,2,67823974,110,-1.13984634165084,0.00476744738852064,-0.194523151933802
PstI.TP948861,2,68614882,110,-0.785789724848529,0.00476744738852064,-0.119815530364911
NsiI.TP615647,2,68626980,110,0.742074930667029,0.00476744738852064,0.0680341144319665
PstI.TP139651,2,69224467,110,-0.857524801125194,0.00476744738852064,-0.181669945315137
PstI.TP1206060,2,69316419,110,-0.153851226278865,0.00476744738852064,-0.0151360081898999
PstI.TP893646,2,69747250,110,-0.11453341768128,0.00476744738852064,-0.0147548154146244
PstI.TP1165391,2,69968329,110,1.07390201484681,0.00476744738852064,0.118171127846311
PstI.TP995173,2,70172526,110,-1.57378238923568,0.00476744738852064,-0.17322356591517
PstI.TP860893,2,70230959,110,-0.88168979565512,0.00476744738852064,-0.103233913499235
PstI.TP521787,2,70479993,110,0.406438811672748,0.00476744738852064,0.0893917421100872
NsiI.TP688484,2,70530734,110,0.263646507875904,0.00476744738852064,0.0851600949063853
PstI.TP402235,2,70727485,110,-0.610660236233451,0.00476744738852064,-0.0633451357024566
PstI.TP391279,2,70925840,110,-1.02627700365226,0.00476744738852064,-0.16352109613297
PstI.TP227133,2,71118714,110,-0.0362482151483183,0.00476744738852064,-0.0056946642643172
PstI.TP1081008,2,71118803,110,-0.685771803806016,0.00476744738852064,-0.114279144105179
NsiI.TP388907,2,71256645,110,-0.146886969602495,0.00476744738852064,-0.0164394087337741
PstI.TP1025634,2,71277610,110,2.87160949632774,0.00476744738852064,0.664529598361342
PstI.TP474225,2,71358734,110,0.476969082620126,0.00476744738852064,0.0532377637637068
PstI.TP163375,2,71379619,110,-0.377464461271249,0.00476744738852064,-0.113628813434368
PstI.TP893748,2,71384719,110,0.538047273941073,0.00476744738852064,0.123324577360893
PstI.TP1263302,2,71707680,110,-0.347375681031661,0.00476744738852064,-0.0890990014832036
NsiI.TP56799,2,71751615,110,0.235966597226056,0.00476744738852064,0.0297910275771334
PstI.TP820804,2,72096898,110,-0.703762042432853,0.00476744738852064,-0.120136065215028
PstI.TP681637,2,72313757,110,0.498051283461154,0.00476744738852064,0.0761261624741911
PstI.TP671248,2,72313766,110,0.787820115222166,0.00476744738852064,0.115954078853888
PstI.TP890801,2,72613106,110,-2.89911698882682,0.00476744738852064,-0.518684744974298
PstI.TP432405,2,72662195,110,-0.146649070109099,0.00476744738852064,-0.0309234469567051
PstI.TP450294,2,72761555,110,1.36100108124636,0.00476744738852064,0.161625945800872
NsiI.TP132109,2,72971977,110,-1.18646716645623,0.00476744738852064,-0.384612103810825
PstI.TP119425,2,73077344,110,-0.315185850483057,0.00476744738852064,-0.0459868715548912
PstI.TP503391,2,73095782,110,0.126905206519445,0.00476744738852064,0.0134710186658927
PstI.TP124082,2,73100016,110,-0.281262381761603,0.00476744738852064,-0.0457073488799792
PstI.TP1066472,2,73495691,110,0.302802698534027,0.00476744738852064,0.0575193652381244
NsiI.TP820576,2,73503160,110,-0.484615980474888,0.00476744738852064,-0.0727882050783543
PstI.TP425439,2,73607787,110,1.86279117876748,0.00476744738852064,0.253548687946795
PstI.TP770044,2,73737012,110,0.86896816302657,0.00476744738852064,0.120083756805669
PstI.TP1231486,2,73904492,110,-0.940919588965656,0.00476744738852064,-0.0969149022798458
PstI.TP1083210,2,74137420,110,0.386830127257459,0.00476744738852064,0.060700537448594
PstI.TP541575,2,74276308,110,0.274186195807455,0.00476744738852064,0.0450685241179163
NsiI.TP667943,2,74406586,110,1.47092548445383,0.00476744738852064,0.20333691243645
PstI.TP13629,2,74748191,110,0.430005851849604,0.00476744738852064,0.120002060353873
PstI.TP51995,2,74836619,110,-1.13280880082101,0.00476744738852064,-0.248625808411751
PstI.TP836656,2,74973104,110,-0.159524602336003,0.00476744738852064,-0.0257206836759987
PstI.TP836370,2,74973263,110,-0.942198089019339,0.00476744738852064,-0.147544199768763
NsiI.TP502025,2,75191746,110,0.981133653785433,0.00476744738852064,0.170355247111696
PstI.TP91738,2,75325372,110,-0.163068566011877,0.00476744738852064,-0.0193258820101044
PstI.TP433676,2,75336590,110,-0.380839794485414,0.00476744738852064,-0.0632685862811264
PstI.TP1244481,2,75457518,110,1.43415093811293,0.00476744738852064,0.376130307912902
PstI.TP523465,2,75496167,110,2.08836841014582,0.00476744738852064,0.460943676593173
PstI.TP547023,2,75564773,110,-0.386597581047424,0.00476744738852064,-0.0763282052432823
PstI.TP789962,2,75761816,110,0.530111776036979,0.00476744738852064,0.0943457544025182
NsiI.TP164112,2,75774037,110,1.35278894149437,0.00476744738852064,0.230693807877364
PstI.TP1256498,2,75977176,110,-1.40729183328659,0.00476744738852064,-0.150866085731092
PstI.TP988947,2,76243149,110,0.533077515286067,0.00476744738852064,0.123241785867149
NsiI.TP39913,2,76409395,110,-0.85892769094038,0.00476744738852064,-0.184247291856123
PstI.TP881184,2,76620224,110,1.48967460222295,0.00476744738852064,0.261841475047385
PstI.TP1171163,2,76656926,110,-0.490191018148044,0.00476744738852064,-0.0802685894180339
PstI.TP669832,2,76707459,110,-0.125601753011705,0.00476744738852064,-0.0177641773815021
PstI.TP360583,2,76751283,110,1.16233485151014,0.00476744738852064,0.186492599048996
PstI.TP682522,2,77263024,110,0.54019169597846,0.00476744738852064,0.082262168803549
PstI.TP338015,2,77540960,110,0.673333929841997,0.00476744738852064,0.106333747010129
NsiI.TP436966,3,  208286,110,-1.35861762147953,0.00476744738852064,-0.236512610538563
PstI.TP1107212,3,  326411,110,0.882236052347195,0.00476744738852064,0.101512070078745
NsiI.TP45036,3,  389776,110,0.865177537535246,0.00476744738852064,0.26004908602963
NsiI.TP533643,3,  471619,110,-0.822870820372661,0.00476744738852064,-0.271455331454531
PstI.TP693626,3,  692292,110,0.252603844194575,0.00476744738852064,0.0388504986222577
PstI.TP109994,3,  998411,110,-0.929043020720431,0.00476744738852064,-0.129677334392132
PstI.TP487778,3, 1541283,110,0.061692206346625,0.00476744738852064,0.0117645877072791
PstI.TP1157898,3, 1576323,110,0.542256528968083,0.00476744738852064,0.120314518879452
PstI.TP1004455,3, 1576742,110,0.801685444955695,0.00476744738852064,0.192188687587961
PstI.TP1096280,3, 1833730,110,1.7114285181646,0.00476744738852064,0.324181077936746
NsiI.TP304764,3, 1836392,110,1.38499785720741,0.00476744738852064,0.223951285337122
PstI.TP1064534,3, 1870807,110,0.197554730879214,0.00476744738852064,0.0349080165240385
PstI.TP267556,3, 2124660,110,0.77738067500857,0.00476744738852064,0.0809193778006927
NsiI.TP114895,3, 2441296,110,-0.637799519994362,0.00476744738852064,-0.145495399975608
PstI.TP789303,3, 2503265,110,1.30777930686182,0.00476744738852064,0.286580855116088
PstI.TP545419,3, 2528853,110,-0.979749663447439,0.00476744738852064,-0.127712524987615
PstI.TP513843,3, 2577255,110,1.20910634856048,0.00476744738852064,0.132549656710018
NsiI.TP441693,3, 2660294,110,-0.603325521394049,0.00476744738852064,-0.109200027601895
PstI.TP33762,3, 2698512,110,0.711625197668148,0.00476744738852064,0.125882463502592
PstI.TP1184603,3, 2835614,110,-0.839566928858242,0.00476744738852064,-0.125251026012381
PstI.TP452304,3, 2977792,110,0.436112399519879,0.00476744738852064,0.0432532934545586
PstI.TP1140972,3, 3019093,110,-1.86416070094227,0.00476744738852064,-0.290373214134821
PstI.TP1114836,3, 3245214,110,0.0150693036026808,0.00476744738852064,0.00230364401749486
PstI.TP603772,3, 3389590,110,-0.744182843318044,0.00476744738852064,-0.135730634643878
PstI.TP926743,3, 3522183,110,0.398784509874638,0.00476744738852064,0.0813388140813224
PstI.TP1032333,3, 3528771,110,0.0796743515884888,0.00476744738852064,0.0134308042180286
PstI.TP831757,3, 3676028,110,-0.614595262109446,0.00476744738852064,-0.110776343053798
PstI.TP906726,3, 3716611,110,0.0069977920657962,0.00476744738852064,0.0017073144206789
PstI.TP1277784,3, 3752097,110,0.524601466663843,0.00476744738852064,0.0882929375033488
NsiI.TP774307,3, 3883631,110,-0.0071858340287544,0.00476744738852064,-0.00120588413761333
PstI.TP547839,3, 4042596,110,0.317704048670078,0.00476744738852064,0.0460002240289786
PstI.TP1027273,3, 4274869,110,-1.42956297092056,0.00476744738852064,-0.290271317209324
PstI.TP906047,3, 4276001,110,-1.09718616360351,0.00476744738852064,-0.232526570687977
PstI.TP725292,3, 4449847,110,-0.633959401837532,0.00476744738852064,-0.0936191934153719
PstI.TP653230,3, 4507877,110,-0.0480590739118745,0.00476744738852064,-0.0098456564727481
PstI.TP534942,3, 4552949,110,1.08931850686499,0.00476744738852064,0.236323696635059
PstI.TP74252,3, 4598161,110,0.435698009056714,0.00476744738852064,0.11951919861444
PstI.TP967109,3, 4646186,110,-0.0852065900116173,0.00476744738852064,-0.0201480725735455
PstI.TP368020,3, 4665593,110,1.5261286704572,0.00476744738852064,0.313772235145426
PstI.TP643379,3, 5147929,110,-1.53906884309991,0.00476744738852064,-0.332724448198826
PstI.TP174297,3, 5563037,110,-0.33421132234729,0.00476744738852064,-0.0786756345843718
PstI.TP115586,3, 5715154,110,-0.303939585447731,0.00476744738852064,-0.0408585870310835
PstI.TP188641,3, 6088178,110,3.01548838436943,0.00476744738852064,0.456765859140395
PstI.TP308152,3, 6124917,110,0.0881626114057529,0.00476744738852064,0.0177765291205475
PstI.TP154327,3, 6603820,110,-0.54042921431757,0.00476744738852064,-0.0682651534271432
PstI.TP678449,3, 6895124,110,-2.21582087368277,0.00476744738852064,-0.438655791972938
PstI.TP238084,3, 7339640,110,-1.64707470677161,0.00476744738852064,-0.283758001246801
NsiI.TP527435,3, 7664263,110,1.09789228041401,0.00476744738852064,0.177361105166098
NsiI.TP502976,3, 7719502,110,0.235824868519589,0.00476744738852064,0.0827126228481332
PstI.TP1064081,3, 9621573,110,0.0609081368421583,0.00476744738852064,0.00888742340231799
PstI.TP1027916,3, 9697919,110,-0.862472518305081,0.00476744738852064,-0.127848857917341
PstI.TP849286,3,10316458,110,0.809544255579124,0.00476744738852064,0.11104241343466
PstI.TP718531,3,10722354,110,0.594176774968245,0.00476744738852064,0.114065833124838
PstI.TP853014,3,11408141,110,-0.867815480424967,0.00476744738852064,-0.145289005100187
NsiI.TP184008,3,11490897,110,-0.699877528134018,0.00476744738852064,-0.152502180022556
PstI.TP1217016,3,11532831,110,-0.832435784916398,0.00476744738852064,-0.0980830221306492
PstI.TP1266207,3,12109877,110,1.25451737633146,0.00476744738852064,0.349968636217441
PstI.TP273678,3,12316343,110,-0.345683690779398,0.00476744738852064,-0.0682825732580684
PstI.TP861895,3,12987175,110,1.14441880234534,0.00476744738852064,0.205716528631465
PstI.TP356415,3,15356034,110,-0.138053555629531,0.00476744738852064,-0.0226541164336717
PstI.TP1270439,3,15756535,110,1.40417103133783,0.00476744738852064,0.255954416288611
PstI.TP662534,3,16373499,110,1.13527417750056,0.00476744738852064,0.133545888843438
PstI.TP773027,3,16863797,110,-0.572688581158884,0.00476744738852064,-0.0637473632854907
NsiI.TP580323,3,18001535,110,-0.851935928691799,0.00476744738852064,-0.171469334217859
PstI.TP731882,3,19716780,110,0.525161006641626,0.00476744738852064,0.125674154121885
PstI.TP242731,3,28459042,110,0.549484012072458,0.00476744738852064,0.104756439892757
PstI.TP461080,3,29174937,110,-1.46225343490197,0.00476744738852064,-0.277512161577327
PstI.TP609001,3,50049992,110,0.901132949384698,0.00476744738852064,0.250428583882184
PstI.TP541336,3,50804241,110,-0.411636516659599,0.00476744738852064,-0.0630541229533226
PstI.TP840235,3,50897546,110,-1.46287316563072,0.00476744738852064,-0.256232952297115
PstI.TP1068006,3,51034769,110,0.122784428579821,0.00476744738852064,0.0152516328537808
PstI.TP821727,3,51406610,110,-0.451166819663339,0.00476744738852064,-0.083084182119936
PstI.TP346744,3,52014149,110,0.886341758400768,0.00476744738852064,0.109338093986512
PstI.TP793079,3,52368295,110,-1.37805484440303,0.00476744738852064,-0.337796099346954
PstI.TP1231136,3,52841481,110,0.392583395664102,0.00476744738852064,0.0741859924377304
NsiI.TP488350,3,53232085,110,0.0612269140156095,0.00476744738852064,0.00784682690960387
PstI.TP900003,3,53586609,110,-0.834283476214449,0.00476744738852064,-0.111582601584922
PstI.TP951441,3,53917406,110,0.480102689801916,0.00476744738852064,0.080917270961729
PstI.TP325811,3,54129392,110,0.965928929870627,0.00476744738852064,0.150135119567623
PstI.TP325958,3,54129415,110,0.5054192236391,0.00476744738852064,0.0562672157607511
PstI.TP318422,3,54362877,110,-0.111300693866105,0.00476744738852064,-0.0128426197292554
PstI.TP508387,3,54826011,110,1.78361782470801,0.00476744738852064,0.384379455837584
PstI.TP180781,3,54937150,110,2.7111387853999,0.00476744738852064,0.557493023323577
PstI.TP982467,3,55023479,110,0.0618295819620176,0.00476744738852064,0.00867444683109309
PstI.TP370692,3,55164432,110,0.22269906985985,0.00476744738852064,0.046259269863317
PstI.TP75872,3,55474631,110,0.284228215929626,0.00476744738852064,0.0758503526291366
PstI.TP336268,3,55896402,110,1.54592287426896,0.00476744738852064,0.187714274188277
PstI.TP28134,3,56267653,110,-1.27700094640007,0.00476744738852064,-0.213380564040694
PstI.TP29613,3,56968925,110,-1.19723164369659,0.00476744738852064,-0.164782089196818
PstI.TP797783,3,57068036,110,-2.12828871198399,0.00476744738852064,-0.293691560137041
PstI.TP868305,3,57307103,110,0.632885766756594,0.00476744738852064,0.105475203160581
PstI.TP759501,3,57715018,110,-0.655798213658667,0.00476744738852064,-0.183397234781331
PstI.TP985838,3,58380810,110,1.52031665511007,0.00476744738852064,0.329205692037605
PstI.TP797083,3,58432596,110,-1.45950237815739,0.00476744738852064,-0.235274209506983
PstI.TP1055459,3,58609425,110,-0.0465421108465296,0.00476744738852064,-0.0104812207508114
PstI.TP150005,3,58784404,110,1.19874515049024,0.00476744738852064,0.133411354134389
NsiI.TP800848,3,59007084,110,-0.252204389038664,0.00476744738852064,-0.038696912813069
NsiI.TP44015,3,59016749,110,0.526131744406267,0.00476744738852064,0.107318060049731
PstI.TP134761,3,59529523,110,-1.04767364139715,0.00476744738852064,-0.27613931419612
PstI.TP612450,3,59785572,110,0.324360722965695,0.00476744738852064,0.0631096906320254
PstI.TP41440,3,59899767,110,-0.393882877836421,0.00476744738852064,-0.0756058067372844
PstI.TP884163,3,60121398,110,0.458204382710028,0.00476744738852064,0.0898949835814544
PstI.TP136422,3,60253262,110,-1.22655289096858,0.00476744738852064,-0.287041306345711
PstI.TP237442,3,60602220,110,-0.675712264415228,0.00476744738852064,-0.111118249551388
PstI.TP1102757,3,60738907,110,0.470168707123331,0.00476744738852064,0.114669822119406
PstI.TP875573,3,60804814,110,-0.624740157761602,0.00476744738852064,-0.0915638028648545
PstI.TP1066422,3,60988993,110,0.49667110685797,0.00476744738852064,0.0624096536681719
PstI.TP694159,3,61030989,110,0.129745446094027,0.00476744738852064,0.0283296084030311
PstI.TP115576,3,61364669,110,-0.806935551839123,0.00476744738852064,-0.194708610980199
PstI.TP863870,3,61525095,110,1.36269937124658,0.00476744738852064,0.258710158402083
NsiI.TP91904,3,61568869,110,0.636200693152296,0.00476744738852064,0.0887424522671404
PstI.TP744473,3,61669976,110,0.696314113571829,0.00476744738852064,0.109027703467366
NsiI.TP317101,3,61771383,110,-0.592317107433597,0.00476744738852064,-0.0918367431078354
PstI.TP1047233,3,61797601,110,-0.254457777529962,0.00476744738852064,-0.0429761225776072
PstI.TP47278,3,61828317,110,0.746933943760682,0.00476744738852064,0.183372522573692
PstI.TP756650,3,61832560,110,-0.425438985470385,0.00476744738852064,-0.0777048287038883
PstI.TP1206334,3,61963148,110,-0.201718510875381,0.00476744738852064,-0.051253528219897
PstI.TP606496,3,62018965,110,-0.265600042488894,0.00476744738852064,-0.0462421342952569
PstI.TP116867,3,62167764,110,1.02141713456363,0.00476744738852064,0.184180039532034
NsiI.TP225884,3,62210775,110,-0.521705327879685,0.00476744738852064,-0.128037804187466
PstI.TP1248247,3,62346879,110,-0.596372073026783,0.00476744738852064,-0.131775975823914
PstI.TP197785,3,62421321,110,-0.696318083163212,0.00476744738852064,-0.107711188062046
PstI.TP213377,3,62690207,110,-1.37262879404807,0.00476744738852064,-0.337515821961081
PstI.TP396501,3,62733946,110,0.210255625639078,0.00476744738852064,0.0483614311382138
NsiI.TP529124,3,63127607,110,2.18794895202682,0.00476744738852064,0.362905376155157
PstI.TP907836,3,63143644,110,0.642364960928222,0.00476744738852064,0.114958169663698
PstI.TP888368,3,63337334,110,-0.198465128270045,0.00476744738852064,-0.0449281188696689
PstI.TP654237,3,63375812,110,1.09909667386718,0.00476744738852064,0.104286544814386
PstI.TP965825,3,63530528,110,0.0341320038629253,0.00476744738852064,0.00794133307058531
NsiI.TP148399,3,63530653,110,-0.117681168375021,0.00476744738852064,-0.0192849809095665
PstI.TP269566,3,63644939,110,-1.33904692036441,0.00476744738852064,-0.134148922423173
PstI.TP743016,3,63741878,110,-0.211313887636436,0.00476744738852064,-0.0348898445406697
PstI.TP378140,3,63771773,110,-1.17524751446277,0.00476744738852064,-0.211789997919659
PstI.TP458650,3,63973238,110,-0.115757282553842,0.00476744738852064,-0.0170791876832723
NsiI.TP173658,3,64787835,110,0.310134081111873,0.00476744738852064,0.0309999125146249
PstI.TP106875,3,64830008,110,1.57844700583865,0.00476744738852064,0.291649156681701
PstI.TP1057926,3,65160984,110,0.662761547888162,0.00476744738852064,0.0873481530044653
PstI.TP4963,3,65245788,110,-1.0078630377994,0.00476744738852064,-0.111528664053651
PstI.TP1146858,3,65279133,110,0.306058740330861,0.00476744738852064,0.0697670712882786
NsiI.TP260534,3,65628707,110,0.49773593694448,0.00476744738852064,0.0960106372022454
PstI.TP1248832,3,65713285,110,1.45753184849221,0.00476744738852064,0.189138555246308
PstI.TP827144,3,65732872,110,-0.93207933489722,0.00476744738852064,-0.226709854643604
PstI.TP179992,3,65808212,110,-1.42401550056933,0.00476744738852064,-0.193859715490843
PstI.TP876849,3,66050191,110,-0.685516142061838,0.00476744738852064,-0.108830766203839
PstI.TP8762,3,66427331,110,0.470317611889346,0.00476744738852064,0.0862777966206681
PstI.TP582861,3,66513476,110,0.182704880488139,0.00476744738852064,0.0357264775065249
PstI.TP44472,3,66531786,110,-0.36358323859812,0.00476744738852064,-0.0552745331563953
PstI.TP549811,3,66531825,110,0.458319318025243,0.00476744738852064,0.0495560045809043
PstI.TP1292760,3,66753576,110,0.880645453632408,0.00476744738852064,0.114424620133687
PstI.TP217593,3,66787516,110,0.149425201316315,0.00476744738852064,0.0150608174487265
PstI.TP802166,3,66915037,110,-1.23067754543786,0.00476744738852064,-0.408605315975703
PstI.TP724939,3,66915295,110,0.508579018984385,0.00476744738852064,0.133521617367919
PstI.TP1010078,3,67023433,110,0.22178943086583,0.00476744738852064,0.0222692412827722
NsiI.TP224257,3,67274437,110,-0.0293833270466871,0.00476744738852064,-0.00728280203629589
PstI.TP724829,3,67406291,110,1.04000083948377,0.00476744738852064,0.170173547131959
PstI.TP195741,3,67699319,110,-0.803360954338326,0.00476744738852064,-0.185460562229038
NsiI.TP555948,3,67784264,110,-0.329131729405754,0.00476744738852064,-0.0778522523268516
PstI.TP157314,3,67817635,110,-0.615269498274874,0.00476744738852064,-0.134761042602655
PstI.TP955356,3,67880743,110,0.315013173144515,0.00476744738852064,0.0403982791021794
PstI.TP198015,3,67910785,110,-0.538539287711446,0.00476744738852064,-0.127907924670596
PstI.TP43035,3,67960309,110,1.20331630743456,0.00476744738852064,0.21166616432976
PstI.TP282617,3,67991463,110,0.672815988035197,0.00476744738852064,0.113170702336384
PstI.TP975012,3,68051383,110,1.60911675946232,0.00476744738852064,0.265748162116592
PstI.TP673057,3,68094426,110,-1.2867845020262,0.00476744738852064,-0.195118162348999
PstI.TP377456,3,68183917,110,-1.83684481404144,0.00476744738852064,-0.28455781720084
PstI.TP379031,3,68701578,110,0.2826183902857,0.00476744738852064,0.0348386895218526
PstI.TP207042,3,68906982,110,-0.359268157284458,0.00476744738852064,-0.0847917676315848
NsiI.TP39018,3,69197876,110,-0.623745504773704,0.00476744738852064,-0.10744621442476
PstI.TP789647,3,69354547,110,1.58579090093456,0.00476744738852064,0.153178814077972
PstI.TP288798,3,69828015,110,0.546585478866299,0.00476744738852064,0.110279616336075
PstI.TP388391,3,69918190,110,-0.0156095470590244,0.00476744738852064,-0.00214674135290001
PstI.TP1027117,3,70383646,110,0.691603310165116,0.00476744738852064,0.158076700588052
PstI.TP317655,3,70764880,110,-1.52332459775294,0.00476744738852064,-0.335502466741414
NsiI.TP234267,3,70840629,110,-1.74995791108818,0.00476744738852064,-0.304043893715116
PstI.TP338917,3,70919217,110,0.293539303098788,0.00476744738852064,0.0591501884078861
PstI.TP505540,3,71068246,110,0.568729596960808,0.00476744738852064,0.126629886595445
PstI.TP306737,3,71220834,110,0.657516469138199,0.00476744738852064,0.135912777562697
PstI.TP921434,3,71315794,110,0.286207099913833,0.00476744738852064,0.0526870561743187
PstI.TP759583,3,71370495,110,-1.33275999532391,0.00476744738852064,-0.194111075871665
PstI.TP745087,3,71534823,110,-1.36083866871829,0.00476744738852064,-0.149870777965298
PstI.TP1046316,3,72119163,110,-0.448536079206482,0.00476744738852064,-0.0818581300544988
NsiI.TP127064,3,72149010,110,0.624496934078451,0.00476744738852064,0.186718916543248
PstI.TP262789,3,72159095,110,-0.0563366558726191,0.00476744738852064,-0.0125143168083107
PstI.TP81443,3,72402402,110,0.872825792139397,0.00476744738852064,0.113371927710327
PstI.TP314655,3,72791842,110,-0.961070611184092,0.00476744738852064,-0.132969184769349
PstI.TP59482,3,72881051,110,0.453561566513119,0.00476744738852064,0.0591224439959503
PstI.TP1270259,3,73055182,110,-0.0695634971640937,0.00476744738852064,-0.0155613916691794
PstI.TP798238,3,73087364,110,2.0225205335619,0.00476744738852064,0.294353977249239
NsiI.TP661879,3,73421724,110,2.33815536067576,0.00476744738852064,0.225080881425372
PstI.TP1100905,3,73743770,110,-0.982329244731619,0.00476744738852064,-0.304992970593201
PstI.TP706641,3,74303182,110,0.0249606081963634,0.00476744738852064,0.00433417320974584
PstI.TP358092,4,   78246,110,-0.160725210807259,0.00476744738852064,-0.0242646316130107
PstI.TP358095,4,   78261,110,-0.386404023519847,0.00476744738852064,-0.0530079129531934
PstI.TP934142,4,  194652,110,0.370000285383981,0.00476744738852064,0.0526461070121662
PstI.TP718962,4,  252030,110,-1.09524134283926,0.00476744738852064,-0.230249498973178
NsiI.TP364708,4,  663022,110,1.86618552190616,0.00476744738852064,0.266511899683494
NsiI.TP274184,4, 1065229,110,-0.586296603250585,0.00476744738852064,-0.123045451443723
PstI.TP875232,4, 1379976,110,-0.41819451139008,0.00476744738852064,-0.108035078210402
PstI.TP845769,4, 2010929,110,0.250236518624099,0.00476744738852064,0.0537006180870646
PstI.TP753697,4, 2038364,110,0.741302585996736,0.00476744738852064,0.111157854681264
PstI.TP256804,4, 2309598,110,0.393909470347293,0.00476744738852064,0.094554550612159
PstI.TP899837,4, 2894449,110,1.29856210993551,0.00476744738852064,0.153574743745914
PstI.TP539951,4, 3227883,110,0.0433244282406138,0.00476744738852064,0.00624530751711583
PstI.TP532669,4, 3498516,110,-0.654264299027797,0.00476744738852064,-0.0695379384542787
PstI.TP133948,4, 3870704,110,1.22238739096914,0.00476744738852064,0.238973257921397
PstI.TP57846,4, 4201581,110,1.44530358518553,0.00476744738852064,0.232971136609901
PstI.TP570804,4, 4364673,110,-1.00153531488749,0.00476744738852064,-0.154034534737149
PstI.TP778311,4, 4451472,110,-1.16293100459961,0.00476744738852064,-0.180179705728469
PstI.TP140856,4, 4704020,110,1.75331696655824,0.00476744738852064,0.188822611988302
PstI.TP504809,4, 5155593,110,0.490262468918232,0.00476744738852064,0.0904416838439045
PstI.TP506830,4, 5166890,110,-1.35408124355215,0.00476744738852064,-0.232942941492436
PstI.TP703574,4, 5441522,110,0.0728883296315475,0.00476744738852064,0.0112158219189249
PstI.TP70014,4, 5572416,110,-0.0759450569277411,0.00476744738852064,-0.0308410040315973
PstI.TP866942,4, 5761973,110,-0.488311954023096,0.00476744738852064,-0.0666832141321482
PstI.TP543247,4, 5947998,110,-1.32905202336266,0.00476744738852064,-0.263916794411527
NsiI.TP472754,4, 5966031,110,0.20555064494485,0.00476744738852064,0.0505983733376024
PstI.TP728315,4, 6366039,110,-0.322246412131758,0.00476744738852064,-0.0664159021133588
PstI.TP1001032,4, 6463834,110,-0.235893676552591,0.00476744738852064,-0.0327394485463355
PstI.TP949077,4, 7122037,110,0.267038395575738,0.00476744738852064,0.0367363282510446
PstI.TP262688,4, 7128828,110,0.13690860375106,0.00476744738852064,0.0326917913102455
PstI.TP778226,4, 7580398,110,0.921770160555614,0.00476744738852064,0.193988728927385
PstI.TP1164337,4, 7965976,110,-0.978177962177083,0.00476744738852064,-0.24666972646681
PstI.TP1164364,4, 7965997,110,0.692406470614666,0.00476744738852064,0.0779004583481352
PstI.TP868925,4, 7967759,110,0.12743023524598,0.00476744738852064,0.0206744247151173
PstI.TP865707,4, 8265404,110,0.241849447138973,0.00476744738852064,0.0676416820693871
PstI.TP835676,4, 8640214,110,-0.244541018590036,0.00476744738852064,-0.0359205362803893
PstI.TP1259253,4, 9921203,110,1.47239256198223,0.00476744738852064,0.156276918206342
PstI.TP1043816,4,10208138,110,0.182361287518101,0.00476744738852064,0.0415350639327848
NsiI.TP457948,4,10479967,110,-1.49774392999815,0.00476744738852064,-0.251164209004095
PstI.TP1293746,4,10710177,110,0.521711166887684,0.00476744738852064,0.0684811653619904
PstI.TP158812,4,10951684,110,-0.451367119058819,0.00476744738852064,-0.0680130063817877
PstI.TP839848,4,11496748,110,0.693458284050969,0.00476744738852064,0.0927394401450327
NsiI.TP494269,4,11587228,110,1.40035700413616,0.00476744738852064,0.194486179762527
PstI.TP457434,4,15595824,110,1.55861993432056,0.00476744738852064,0.438613545994416
NsiI.TP468188,4,16051806,110,0.483168884092166,0.00476744738852064,0.11383992295702
PstI.TP605734,4,16501301,110,0.974330109865817,0.00476744738852064,0.105508212908378
PstI.TP680311,4,18313480,110,0.0984376798573738,0.00476744738852064,0.0190069406784917
PstI.TP339012,4,23730556,110,-1.58643313851856,0.00476744738852064,-0.375355131318656
PstI.TP120638,4,35323656,110,0.338052455731461,0.00476744738852064,0.0472374640696498
PstI.TP667600,4,39529579,110,1.22711763109289,0.00476744738852064,0.176426768380835
PstI.TP337951,4,40615943,110,-0.138378258682498,0.00476744738852064,-0.0179502446315136
PstI.TP982139,4,41445278,110,-0.899265985922508,0.00476744738852064,-0.231304353719099
PstI.TP908401,4,47909121,110,-0.113612154014287,0.00476744738852064,-0.0219015864440049
PstI.TP299340,4,50252276,110,-0.346522145216617,0.00476744738852064,-0.0530811369211505
PstI.TP411131,4,50796187,110,0.264856309361779,0.00476744738852064,0.0603649648717783
PstI.TP824743,4,51495892,110,0.950588165096713,0.00476744738852064,0.123458141778517
PstI.TP683573,4,51515338,110,0.301590506441862,0.00476744738852064,0.0546962451011595
PstI.TP313639,4,51533595,110,-2.82735330162033,0.00476744738852064,-0.553531346750416
PstI.TP1133379,4,51922694,110,-0.519513601548118,0.00476744738852064,-0.109399785725343
NsiI.TP499370,4,52358612,110,1.14793133310174,0.00476744738852064,0.164756746878758
PstI.TP1197361,4,52473553,110,-0.671858676820487,0.00476744738852064,-0.150762787716803
NsiI.TP338590,4,52709492,110,-0.912449988878651,0.00476744738852064,-0.102175294229662
PstI.TP1094441,4,53080201,110,-0.694319524699581,0.00476744738852064,-0.104251657025971
PstI.TP283482,4,53765906,110,0.13330492015469,0.00476744738852064,0.0165875646428737
PstI.TP758217,4,53816542,110,0.187061836910703,0.00476744738852064,0.0196656475224966
PstI.TP988008,4,53910327,110,-0.189439484183712,0.00476744738852064,-0.0332634167151282
PstI.TP397988,4,54041708,110,-1.83768999595364,0.00476744738852064,-0.27093865694659
PstI.TP989059,4,54451954,110,-0.0034761264031201,0.00476744738852064,-0.000673322335825816
PstI.TP318872,4,54744673,110,0.091332089638896,0.00476744738852064,0.0112663414041471
PstI.TP1150046,4,55510631,110,1.14936012738579,0.00476744738852064,0.176137170855605
PstI.TP133743,4,55575218,110,0.327505062490735,0.00476744738852064,0.0746195572436666
PstI.TP857726,4,55633086,110,-0.601458677266855,0.00476744738852064,-0.0975584586991317
PstI.TP707030,4,55665489,110,-2.21955386465049,0.00476744738852064,-0.385390912041512
PstI.TP187778,4,55772813,110,3.09903603086856,0.00476744738852064,0.575817114553478
PstI.TP1169832,4,56534152,110,-0.122098545506176,0.00476744738852064,-0.0205715507687744
PstI.TP335471,4,56710032,110,0.353646434293576,0.00476744738852064,0.0641684380220044
PstI.TP421127,4,57085377,110,1.02508168798359,0.00476744738852064,0.2467633149479
PstI.TP661203,4,57100807,110,-1.00883831199639,0.00476744738852064,-0.152711856487284
PstI.TP41452,4,57358774,110,0.10749623382468,0.00476744738852064,0.0182121440420544
PstI.TP1199069,4,57736484,110,-0.330265697495759,0.00476744738852064,-0.071434187980431
PstI.TP894258,4,57750214,110,-0.69999411750693,0.00476744738852064,-0.0835532696236234
PstI.TP998613,4,57808215,110,-0.569778004955614,0.00476744738852064,-0.148256021752857
PstI.TP283944,4,58233546,110,-0.300968484738997,0.00476744738852064,-0.0675483898003751
PstI.TP283938,4,58233574,110,0.907123908027096,0.00476744738852064,0.129062425807116
NsiI.TP444747,4,58371791,110,-0.223902188943138,0.00476744738852064,-0.0292870026907408
PstI.TP969702,4,58874917,110,0.0373009696724024,0.00476744738852064,0.00432881562967666
PstI.TP1200707,4,58878410,110,-0.0102585970671889,0.00476744738852064,-0.00250959198537437
PstI.TP1000572,4,59072057,110,-0.0306503089420304,0.00476744738852064,-0.00698105412245814
PstI.TP1029730,4,59112616,110,0.356977714399059,0.00476744738852064,0.0724424195331946
PstI.TP647611,4,59195320,110,-2.17258533930423,0.00476744738852064,-0.342289599841274
PstI.TP39923,4,59505323,110,-0.715401891504137,0.00476744738852064,-0.129561820409719
NsiI.TP452950,4,59507302,110,0.447748423226347,0.00476744738852064,0.0602468746329434
PstI.TP548830,4,59544955,110,1.51244903062977,0.00476744738852064,0.270900759300365
PstI.TP396492,4,59554328,110,-0.0226427601631674,0.00476744738852064,-0.00388312473946387
PstI.TP690745,4,59576775,110,-1.97549409987027,0.00476744738852064,-0.627532256017828
PstI.TP839365,4,59601391,110,0.0642004621799388,0.00476744738852064,0.0158892920664369
PstI.TP1024604,4,59621675,110,-1.47880213162467,0.00476744738852064,-0.213984165180313
NsiI.TP60459,4,59680771,110,-1.31901732766173,0.00476744738852064,-0.243500115041162
PstI.TP792995,4,59703546,110,-0.545626683313717,0.00476744738852064,-0.115129642055206
PstI.TP802068,4,59707017,110,0.332808436358511,0.00476744738852064,0.0328163154951458
PstI.TP79115,4,60133712,110,0.766319679465613,0.00476744738852064,0.100807127846499
PstI.TP769015,4,60173826,110,-0.17030780213455,0.00476744738852064,-0.0289837854870115
PstI.TP1189383,4,60173881,110,0.993998927997868,0.00476744738852064,0.169820218949182
PstI.TP697701,4,60476700,110,-0.301941584337446,0.00476744738852064,-0.0508301111377358
PstI.TP1050629,4,60884477,110,-0.734229272350452,0.00476744738852064,-0.10046770137312
NsiI.TP750593,4,61084375,110,0.587668107848332,0.00476744738852064,0.0947211617359959
PstI.TP704663,4,61217704,110,-0.285430957606895,0.00476744738852064,-0.0442630574966822
PstI.TP404112,4,61296221,110,0.81146661506292,0.00476744738852064,0.147768886788748
PstI.TP148299,4,61873463,110,-1.5854826316134,0.00476744738852064,-0.297770417889657
PstI.TP24650,4,62388602,110,0.0215126589219851,0.00476744738852064,0.00371164359620071
PstI.TP326062,4,62667190,110,-1.19528541527713,0.00476744738852064,-0.216478201263427
PstI.TP116169,4,62823977,110,-0.37813549161857,0.00476744738852064,-0.0512169600396168
PstI.TP1079268,4,62919464,110,-0.811134925387752,0.00476744738852064,-0.088400274008344
PstI.TP1281337,4,63140625,110,-0.551061428735236,0.00476744738852064,-0.0686435541415331
PstI.TP1013203,4,63222160,110,-0.367942284591596,0.00476744738852064,-0.0778243322122224
PstI.TP446782,4,63627667,110,0.945450664726765,0.00476744738852064,0.29046713246205
PstI.TP617376,4,63931951,110,-0.789120533224315,0.00476744738852064,-0.169733079927096
PstI.TP709133,4,64107407,110,-0.50992841627365,0.00476744738852064,-0.120880551629527
PstI.TP781181,4,64170054,110,1.69689940374747,0.00476744738852064,0.230331554909976
PstI.TP689316,4,64420154,110,1.79088240360824,0.00476744738852064,0.471861488341331
PstI.TP1238248,4,64784268,110,0.985554587020193,0.00476744738852064,0.213679396392667
PstI.TP117569,4,64900260,110,-0.967809280935683,0.00476744738852064,-0.19343971229445
PstI.TP51816,4,64961913,110,1.16209121500928,0.00476744738852064,0.168647225441921
PstI.TP673282,4,65067106,110,0.335607554718106,0.00476744738852064,0.0687578609984456
PstI.TP568504,4,65671693,110,1.21505869292082,0.00476744738852064,0.173639357992309
PstI.TP931336,4,65707584,110,0.406145368518603,0.00476744738852064,0.0672379019125847
NsiI.TP502752,4,65830950,110,0.241849447138973,0.00476744738852064,0.0676416820693871
PstI.TP317521,4,66042591,110,-0.294135018969339,0.00476744738852064,-0.0541977138687508
PstI.TP1127482,4,66065155,110,-1.83027162745244,0.00476744738852064,-0.328902415427436
PstI.TP1127994,4,66065200,110,-0.139572814129377,0.00476744738852064,-0.0380994680829029
PstI.TP858902,4,66143706,110,1.27903090787391,0.00476744738852064,0.163039337098147
PstI.TP971832,4,66161848,110,2.18284617300261,0.00476744738852064,0.235204837526123
PstI.TP781859,4,66322904,110,-0.203341733181835,0.00476744738852064,-0.0411918596354742
PstI.TP83740,4,66329319,110,-0.828344944799657,0.00476744738852064,-0.139349050461948
PstI.TP935651,4,66370793,110,0.152600857890693,0.00476744738852064,0.0228346452551337
NsiI.TP688992,4,66776482,110,-0.359214702156086,0.00476744738852064,-0.0763604446309646
NsiI.TP148994,4,66874533,110,-0.969304105013004,0.00476744738852064,-0.2010334274099
PstI.TP805691,4,66925540,110,1.3896931882081,0.00476744738852064,0.257182294564246
NsiI.TP507777,4,67027562,110,0.660815407377225,0.00476744738852064,0.128537694129682
PstI.TP1098875,4,67156223,110,1.14798274795103,0.00476744738852064,0.309446628111985
PstI.TP543197,4,67169531,110,1.6520631461431,0.00476744738852064,0.208598020631753
NsiI.TP432863,4,67320729,110,-0.896397755802897,0.00476744738852064,-0.156032128754309
PstI.TP247650,4,67343889,110,-0.407969399299247,0.00476744738852064,-0.0854896865797144
PstI.TP1262851,4,67370507,110,0.178699963592508,0.00476744738852064,0.0477539861250087
PstI.TP1177553,4,67453726,110,-1.56119260017836,0.00476744738852064,-0.157586539416212
PstI.TP857720,4,67675201,110,0.0811098882242404,0.00476744738852064,0.0230348188284749
PstI.TP940228,4,67759601,110,1.08177151503305,0.00476744738852064,0.226097550542953
PstI.TP613483,4,67835675,110,-0.574341731169355,0.00476744738852064,-0.0995341886596597
PstI.TP753660,4,67859176,110,-0.885521675552593,0.00476744738852064,-0.202344863704164
NsiI.TP346008,4,67938088,110,1.61955649806693,0.00476744738852064,0.265468588483667
NsiI.TP717243,4,68249333,110,-0.74357185782944,0.00476744738852064,-0.107269118038852
PstI.TP743824,4,68341653,110,0.26429411861082,0.00476744738852064,0.0575201154052805
PstI.TP933689,4,68479830,110,-0.138600655771111,0.00476744738852064,-0.0283403930889465
PstI.TP1014704,4,68495682,110,0.0114098141415775,0.00476744738852064,0.0016226869710779
PstI.TP1269599,4,68592536,110,0.542015971237268,0.00476744738852064,0.105466761189708
PstI.TP119386,5,  372761,110,-0.365518105136807,0.00476744738852064,-0.086173137637476
PstI.TP639375,5,  655773,110,1.0397454747271,0.00476744738852064,0.230308233583625
PstI.TP569914,5, 1262747,110,-2.16449842744493,0.00476744738852064,-0.251346315525783
PstI.TP799542,5, 1321222,110,0.378784434821254,0.00476744738852064,0.059495010319285
PstI.TP581911,5, 1401801,110,0.0767993582010523,0.00476744738852064,0.0191298902905543
PstI.TP496795,5, 1513135,110,-0.530721847787319,0.00476744738852064,-0.0999904226084243
PstI.TP1186531,5, 1575450,110,0.913407408819709,0.00476744738852064,0.189774629267724
PstI.TP979536,5, 2060722,110,-0.628003420311932,0.00476744738852064,-0.13999038965156
PstI.TP1181476,5, 2299991,110,-1.59838005114194,0.00476744738852064,-0.221529360725802
PstI.TP39347,5, 2639610,110,1.13248145088216,0.00476744738852064,0.155625106073899
PstI.TP292268,5, 3450082,110,1.38460522136394,0.00476744738852064,0.28100088144572
PstI.TP897370,5, 3460663,110,-1.1860414861946,0.00476744738852064,-0.273997935458469
PstI.TP698749,5, 6782266,110,-1.06958738843629,0.00476744738852064,-0.207578393718561
NsiI.TP635574,5,10846526,110,1.62547202099064,0.00476744738852064,0.202626677788466
PstI.TP747280,5,12790396,110,0.72390442046583,0.00476744738852064,0.142044528536923
PstI.TP923354,5,13005905,110,-1.02450572585537,0.00476744738852064,-0.142240420213533
PstI.TP306460,5,13194806,110,-1.04621940433456,0.00476744738852064,-0.187268663218631
NsiI.TP727162,5,15122057,110,-2.54034414736348,0.00476744738852064,-0.40670601740348
PstI.TP98333,5,16130526,110,-1.88482257327327,0.00476744738852064,-0.30564572992011
PstI.TP532325,5,18806244,110,-2.27395166822349,0.00476744738852064,-0.286182995032971
PstI.TP651320,5,35481232,110,-3.02541208278583,0.00476744738852064,-0.497071984754965
PstI.TP273553,5,52197136,110,0.439879951037916,0.00476744738852064,0.0710628988191208
NsiI.TP501821,5,53570195,110,-0.973306713500884,0.00476744738852064,-0.1989844313162
PstI.TP609962,5,53907385,110,1.55152719958223,0.00476744738852064,0.222215970549547
NsiI.TP521254,5,58096704,110,0.502319042240613,0.00476744738852064,0.115121407015176
PstI.TP332939,5,61681179,110,1.7010542094825,0.00476744738852064,0.206943578244433
PstI.TP152056,5,64031521,110,0.71957703940077,0.00476744738852064,0.169340422405049
PstI.TP56167,5,66355886,110,2.26388095275234,0.00476744738852064,0.395660268572828
PstI.TP270940,5,68495452,110,-0.83507676419808,0.00476744738852064,-0.0900530399536375
PstI.TP882242,5,68630849,110,-1.03174268217914,0.00476744738852064,-0.200713556228035
PstI.TP372461,5,69064710,110,-2.04815345360839,0.00476744738852064,-0.329353003535896
PstI.TP841498,5,69228848,110,-0.294403305442376,0.00476744738852064,-0.0576522085630087
PstI.TP319342,5,71584607,110,-0.742373627302101,0.00476744738852064,-0.0921207304783626
PstI.TP712192,5,71599707,110,-0.537904820132926,0.00476744738852064,-0.134422424243761
PstI.TP461600,5,71789531,110,-0.773429623166509,0.00476744738852064,-0.195731290723686
PstI.TP372159,6,  397980,110,1.0545706778484,0.00476744738852064,0.210476567179147
PstI.TP298201,6, 1375822,110,1.20734796672546,0.00476744738852064,0.232770353201342
PstI.TP160013,6, 1913467,110,0.317835267059656,0.00476744738852064,0.0517212119482219
PstI.TP166492,6, 2200069,110,0.489959922659531,0.00476744738852064,0.0740428448506996
PstI.TP33096,6, 3180162,110,-0.337514413069152,0.00476744738852064,-0.0586688786806152
PstI.TP533938,6, 3839549,110,-1.19732800425431,0.00476744738852064,-0.190820969565693
PstI.TP901714,6, 3915493,110,1.3722593740429,0.00476744738852064,0.150235429846007
PstI.TP819907,6, 6739141,110,-0.893780648720781,0.00476744738852064,-0.132783847663636
PstI.TP1136919,6, 6739369,110,-0.199152267080003,0.00476744738852064,-0.0427134794348935
PstI.TP884637,6,26390736,110,-0.157709841719585,0.00476744738852064,-0.0204009447858713
PstI.TP879675,6,26700655,110,0.4228932820122,0.00476744738852064,0.046712923456081
PstI.TP756560,6,30981137,110,-0.0962823391874697,0.00476744738852064,-0.00929782279767154
PstI.TP776270,6,39667672,110,-0.358596381760024,0.00476744738852064,-0.067311542195551
PstI.TP256025,6,39923562,110,1.03756508735432,0.00476744738852064,0.118387086120461
PstI.TP113896,6,40079998,110,-0.135781830333498,0.00476744738852064,-0.0181303238675219
PstI.TP359861,6,42016593,110,0.922049139686773,0.00476744738852064,0.146284460828759
PstI.TP901855,6,42551665,110,0.709501793118773,0.00476744738852064,0.166386359317262
PstI.TP944699,6,43235510,110,1.01368728112143,0.00476744738852064,0.123433054885041
PstI.TP805017,6,44960916,110,-1.1563389256556,0.00476744738852064,-0.235239553789853
PstI.TP1185472,6,45032097,110,-0.00709819179961935,0.00476744738852064,-0.00131663166196559
PstI.TP998975,6,45505565,110,1.76797316096711,0.00476744738852064,0.244731441725388
PstI.TP745785,6,45615805,110,-1.64081788895325,0.00476744738852064,-0.188464429193169
PstI.TP1117462,6,45727155,110,-0.40371750013575,0.00476744738852064,-0.106237134453696
PstI.TP710636,6,45894338,110,-0.0699371635420536,0.00476744738852064,-0.0100562049204831
PstI.TP759023,6,46253378,110,-0.915624342061999,0.00476744738852064,-0.324281513206063
PstI.TP349853,6,46386872,110,-0.344599983656147,0.00476744738852064,-0.0535798196255264
PstI.TP1076182,6,47618418,110,-1.60261086449631,0.00476744738852064,-0.404537172962172
PstI.TP310237,6,47646564,110,-0.176674538807468,0.00476744738852064,-0.0174059868182196
PstI.TP716101,6,47677795,110,-0.674838180601115,0.00476744738852064,-0.0837515072074293
PstI.TP803468,6,47699983,110,0.455783799054397,0.00476744738852064,0.0927916910303728
PstI.TP580644,6,47793342,110,0.0219353124707936,0.00476744738852064,0.00279071973373365
PstI.TP226392,6,47819825,110,0.119903192548387,0.00476744738852064,0.021196526115968
PstI.TP12746,6,47840509,110,-0.0409224273356774,0.00476744738852064,-0.0106886878739673
NsiI.TP34193,6,47900218,110,0.515596176618426,0.00476744738852064,0.0731126048455373
PstI.TP813929,6,48009958,110,0.872230044025446,0.00476744738852064,0.0909167015813573
PstI.TP710752,6,48096840,110,-0.479521949283994,0.00476744738852064,-0.110065588176859
NsiI.TP538662,6,48159780,110,0.475339863477665,0.00476744738852064,0.123336605536472
PstI.TP330321,6,48212587,110,-2.18005130590264,0.00476744738852064,-0.296991246063664
PstI.TP13077,6,48336818,110,-0.556033133198934,0.00476744738852064,-0.110478564646005
PstI.TP303544,6,48368263,110,1.65408945573733,0.00476744738852064,0.229533228302188
PstI.TP988157,6,48368305,110,-0.557484738441136,0.00476744738852064,-0.0887493054526565
PstI.TP824467,6,48440964,110,-0.838692450513283,0.00476744738852064,-0.0859564781762789
PstI.TP1266869,6,48545495,110,1.62821032397994,0.00476744738852064,0.213152160133264
PstI.TP361031,6,48622395,110,-1.52769033894272,0.00476744738852064,-0.229750431530829
NsiI.TP83928,6,48792860,110,0.154520971426572,0.00476744738852064,0.0170724229066433
PstI.TP576587,6,49188679,110,0.256270505900686,0.00476744738852064,0.0442430564739586
PstI.TP427397,6,49196509,110,2.19528698884574,0.00476744738852064,0.629952267227787
PstI.TP815225,6,49235314,110,-1.47723120827451,0.00476744738852064,-0.449638401546089
PstI.TP1112974,6,49485124,110,0.808972185020084,0.00476744738852064,0.122820545951921
PstI.TP256850,6,49643828,110,-0.573294621417999,0.00476744738852064,-0.0515809160346327
PstI.TP137972,6,49743515,110,1.19186483718422,0.00476744738852064,0.309680384104275
PstI.TP1045605,6,49825862,110,-0.307781634464292,0.00476744738852064,-0.0574084865768527
NsiI.TP193365,6,50405862,110,0.530398704929703,0.00476744738852064,0.105791954066745
PstI.TP949988,6,50576836,110,-0.446019102085896,0.00476744738852064,-0.0782253442365039
PstI.TP1227925,6,50604731,110,2.98079410259916,0.00476744738852064,0.447916905278955
PstI.TP88913,6,50606419,110,1.42055032886906,0.00476744738852064,0.363509380787959
PstI.TP469702,6,50857851,110,0.141817382836999,0.00476744738852064,0.0312720008774755
PstI.TP126255,6,50898138,110,-0.63218574864986,0.00476744738852064,-0.0749868446822865
PstI.TP1238303,6,50987036,110,1.44923640223597,0.00476744738852064,0.221162375382605
PstI.TP681191,6,51040947,110,-1.05508442883574,0.00476744738852064,-0.14700953766495
PstI.TP714411,6,51076791,110,-0.361674709354377,0.00476744738852064,-0.049395759810585
PstI.TP480160,6,51153057,110,-0.475070551709052,0.00476744738852064,-0.0676183542382121
PstI.TP347563,6,51192256,110,-2.38315896215902,0.00476744738852064,-0.24168193952038
PstI.TP887215,6,51434149,110,0.443225371052934,0.00476744738852064,0.066494401808542
PstI.TP16576,6,51508909,110,-1.25764988132096,0.00476744738852064,-0.289726747020001
PstI.TP1025940,6,51870695,110,1.17797497491489,0.00476744738852064,0.149784138027999
PstI.TP114435,6,51935989,110,0.908957208716347,0.00476744738852064,0.098606235906544
PstI.TP1131586,6,52294517,110,1.10461098900517,0.00476744738852064,0.139384273345728
PstI.TP435100,6,52788813,110,-0.441349633620549,0.00476744738852064,-0.0743039089963791
NsiI.TP810468,6,52878123,110,-0.123807187411243,0.00476744738852064,-0.0206423212082363
PstI.TP357347,6,53284826,110,0.475739391982696,0.00476744738852064,0.0690134157960081
PstI.TP272941,6,53317238,110,1.35732663741158,0.00476744738852064,0.197032781933727
PstI.TP598190,6,53317495,110,-0.419677356632259,0.00476744738852064,-0.103627656681262
PstI.TP210723,6,53519176,110,0.692601742271858,0.00476744738852064,0.0753808988101937
PstI.TP720344,6,53705499,110,0.525829209438327,0.00476744738852064,0.0862585643211169
PstI.TP525574,6,53705599,110,0.822770269523176,0.00476744738852064,0.132471649064738
NsiI.TP338280,6,53961287,110,-0.773339748263573,0.00476744738852064,-0.0755148868834173
PstI.TP76770,6,54052803,110,0.533554005831422,0.00476744738852064,0.114432632332747
PstI.TP966312,6,54237208,110,-0.479138059617967,0.00476744738852064,-0.0962859772510908
PstI.TP945766,6,54258844,110,0.000642121436547968,0.00476744738852064,0.000118432622026141
PstI.TP694211,6,54345892,110,0.334871984485656,0.00476744738852064,0.054481492514765
NsiI.TP59381,6,54443739,110,0.615272393594071,0.00476744738852064,0.0862880031535865
PstI.TP262001,6,54443824,110,-0.796899237370634,0.00476744738852064,-0.087873385456944
PstI.TP347106,6,54444929,110,0.318654163145095,0.00476744738852064,0.0451042139906888
PstI.TP709057,6,54629080,110,0.250222788329853,0.00476744738852064,0.0268632760842357
PstI.TP30317,6,54709438,110,0.441764072399949,0.00476744738852064,0.0656125417437403
PstI.TP30142,6,54712768,110,0.808170001009379,0.00476744738852064,0.13113956491754
PstI.TP929514,6,55096318,110,-1.1034094598929,0.00476744738852064,-0.125364969426443
PstI.TP776110,6,55103901,110,-0.482468397368278,0.00476744738852064,-0.0491754135462258
PstI.TP891127,6,55263071,110,-2.26493908906412,0.00476744738852064,-0.473639907151016
PstI.TP387467,6,55340504,110,-0.576214816526501,0.00476744738852064,-0.0609184504726852
PstI.TP935926,6,55352294,110,0.0583294622865461,0.00476744738852064,0.00637678113703387
NsiI.TP500617,6,55386702,110,0.512704019774408,0.00476744738852064,0.076772089530805
NsiI.TP769989,6,55440097,110,1.4116726942329,0.00476744738852064,0.407956773648954
PstI.TP539634,6,55893141,110,-0.180838806161926,0.00476744738852064,-0.0184430778761938
PstI.TP1164091,6,56319647,110,0.0460335575870272,0.00476744738852064,0.00688366952745472
PstI.TP198433,6,56321576,110,-1.420964125491,0.00476744738852064,-0.259504723175564
NsiI.TP652621,6,56522972,110,-0.817270730175125,0.00476744738852064,-0.161807167648504
PstI.TP1225179,6,56654494,110,-0.0348616895203995,0.00476744738852064,-0.00701225677348005
PstI.TP53152,6,56671658,110,1.22318440867904,0.00476744738852064,0.264783041722294
PstI.TP83264,6,56897554,110,-0.868931836184505,0.00476744738852064,-0.200775043850533
PstI.TP106962,6,57047383,110,2.04116728255127,0.00476744738852064,0.451575304270805
PstI.TP140016,6,57096158,110,1.26979664007121,0.00476744738852064,0.144747318544619
PstI.TP642933,6,57096182,110,-0.717059646764612,0.00476744738852064,-0.0734952254394381
PstI.TP456356,6,57185583,110,-0.192668628718262,0.00476744738852064,-0.0287738278640048
PstI.TP1000965,6,57296544,110,0.44755746132854,0.00476744738852064,0.0718484365891545
PstI.TP788586,6,57442567,110,-2.1382324751009,0.00476744738852064,-0.338560677804819
PstI.TP390264,6,57802308,110,-0.634854272007638,0.00476744738852064,-0.101175826341215
PstI.TP702632,6,57893518,110,-0.422042199109868,0.00476744738852064,-0.080911069900258
PstI.TP30555,6,58396527,110,1.56812249795627,0.00476744738852064,0.212938913434283
PstI.TP334179,6,58406668,110,-1.47705663590225,0.00476744738852064,-0.322256492915523
PstI.TP276388,6,59032815,110,0.12166281047294,0.00476744738852064,0.0173271448280797
PstI.TP842278,6,59205393,110,-1.20959020467106,0.00476744738852064,-0.182675981932285
NsiI.TP814519,6,59730617,110,-0.636091314555297,0.00476744738852064,-0.132457551970181
PstI.TP875252,6,59755110,110,-1.21091358877161,0.00476744738852064,-0.143810514046188
PstI.TP363146,6,59896427,110,0.172542583206183,0.00476744738852064,0.0284736672937597
PstI.TP418863,6,59970341,110,1.71968465419184,0.00476744738852064,0.292357473459341
PstI.TP442698,6,59971726,110,0.643529234519764,0.00476744738852064,0.05770243111444
PstI.TP1215769,6,60047342,110,0.603325501822975,0.00476744738852064,0.0679084858799716
PstI.TP230539,6,60169420,110,0.861028176010143,0.00476744738852064,0.0945383800315574
PstI.TP241352,6,60244644,110,-2.07774379415326,0.00476744738852064,-0.444611761685673
PstI.TP596173,6,60494225,110,-1.27574569577503,0.00476744738852064,-0.13730746763313
PstI.TP508638,6,60618174,110,1.77660076586215,0.00476744738852064,0.283674829594233
PstI.TP639463,6,60717357,110,0.476971867735837,0.00476744738852064,0.0614497610440564
PstI.TP1193013,6,60825902,110,1.60604359884448,0.00476744738852064,0.433893791484577
PstI.TP969397,6,60888114,110,0.607390020276565,0.00476744738852064,0.129465910587521
PstI.TP1056336,6,60888540,110,0.804413965559465,0.00476744738852064,0.161421044344503
PstI.TP786113,6,60914620,110,-0.0352641093094783,0.00476744738852064,-0.00428952257816637
PstI.TP931840,6,60969038,110,-1.22787324090754,0.00476744738852064,-0.185368414803883
PstI.TP1091418,6,61060394,110,-0.951361881005201,0.00476744738852064,-0.156265204228539
PstI.TP377002,6,61062556,110,-1.01980792974625,0.00476744738852064,-0.130945159779857
NsiI.TP304335,6,61272905,110,-0.262865092773172,0.00476744738852064,-0.0414781035999166
PstI.TP1196894,7,  124663,110,-0.141400311525504,0.00476744738852064,-0.0156948367731705
PstI.TP997226,7,  651806,110,0.0283174787503581,0.00476744738852064,0.00491101900806351
PstI.TP433372,7,  840822,110,1.01296668391709,0.00476744738852064,0.144093844409396
PstI.TP712552,7, 1086282,110,-0.368248105320077,0.00476744738852064,-0.0602672568666551
PstI.TP1216346,7, 1189753,110,0.332372242159697,0.00476744738852064,0.0670654706132969
NsiI.TP113035,7, 1804303,110,-1.71478984008151,0.00476744738852064,-0.397942458855006
PstI.TP271997,7, 1839611,110,-0.670576405151951,0.00476744738852064,-0.0929671649447955
PstI.TP321113,7, 2693846,110,-0.765102655085231,0.00476744738852064,-0.0985881169183412
PstI.TP617554,7, 3245920,110,0.808977703152796,0.00476744738852064,0.137265585395757
NsiI.TP575618,7, 3778581,110,0.519588156620635,0.00476744738852064,0.109694653277564
PstI.TP838393,7, 4341737,110,0.322503906768815,0.00476744738852064,0.0348848473272736
PstI.TP1275567,7, 4355483,110,0.307624156509588,0.00476744738852064,0.0459658490305601
PstI.TP1273751,7, 4585882,110,-0.536856596402744,0.00476744738852064,-0.102350137383455
PstI.TP27579,7, 4882106,110,-0.489540205510749,0.00476744738852064,-0.0945659365070091
PstI.TP1168534,7, 5203859,110,0.339033675860585,0.00476744738852064,0.0604393949421339
PstI.TP1166626,7, 5373971,110,-1.22511528821828,0.00476744738852064,-0.180365150914237
PstI.TP636369,7, 5813087,110,0.418449034215573,0.00476744738852064,0.0782953750787024
PstI.TP1287230,7, 7558451,110,0.556365077214504,0.00476744738852064,0.0838111197794329
PstI.TP822493,7, 8114551,110,0.910209099454509,0.00476744738852064,0.170664049318516
PstI.TP847369,7, 8209705,110,0.489011043779794,0.00476744738852064,0.111293941140266
PstI.TP450060,7, 8209747,110,1.13865806284375,0.00476744738852064,0.197365623325306
PstI.TP39204,7, 8302668,110,-0.759173237944289,0.00476744738852064,-0.0969512523587526
PstI.TP401749,7, 8817658,110,0.862283141218187,0.00476744738852064,0.137449703956782
PstI.TP1137784,7,10078994,110,-0.173604691572724,0.00476744738852064,-0.0241165706908173
PstI.TP602287,7,10755063,110,-0.0280877913978072,0.00476744738852064,-0.00312738948910327
PstI.TP446073,7,10755390,110,0.44505694873883,0.00476744738852064,0.117486692626338
PstI.TP716056,7,12018520,110,-0.834600783869725,0.00476744738852064,-0.116207465576962
PstI.TP474390,7,15569290,110,-0.222756578027772,0.00476744738852064,-0.02488727042439
PstI.TP691322,7,15663756,110,-0.642160249723808,0.00476744738852064,-0.0976752029737725
PstI.TP480204,7,17216627,110,1.09719981702884,0.00476744738852064,0.193927245348669
PstI.TP1013004,7,23934216,110,-0.413779240733663,0.00476744738852064,-0.0829161205989407
PstI.TP913069,7,37614334,110,-0.705897140912697,0.00476744738852064,-0.132331222582468
PstI.TP728734,7,37735277,110,-0.00709781359237467,0.00476744738852064,-0.00104640655001243
NsiI.TP262182,7,38847042,110,-0.901033447931793,0.00476744738852064,-0.134154219852622
PstI.TP1005929,7,40209050,110,0.141127619912019,0.00476744738852064,0.0155648803614193
PstI.TP220192,7,42063325,110,1.56232191208008,0.00476744738852064,0.194606273956153
PstI.TP1147160,7,44396170,110,1.43723833442826,0.00476744738852064,0.455259080718444
PstI.TP548274,7,51500731,110,0.00409667587010468,0.00476744738852064,0.000725273471245902
PstI.TP780884,7,54360893,110,-0.285807494724396,0.00476744738852064,-0.0453631825235007
PstI.TP846454,7,54554537,110,1.07833835631141,0.00476744738852064,0.14618605049521
PstI.TP673993,7,55674206,110,-1.0904593263606,0.00476744738852064,-0.134525161651343
PstI.TP44125,7,55681656,110,-0.291230460291363,0.00476744738852064,-0.0754340949697855
PstI.TP725380,7,56007421,110,-0.261191242355646,0.00476744738852064,-0.0472705803650536
PstI.TP624170,7,56509983,110,-0.268651744983591,0.00476744738852064,-0.0460118982484496
PstI.TP195819,7,56569496,110,0.392340680250832,0.00476744738852064,0.0480270604243734
PstI.TP1254873,7,56573089,110,-0.575665513167308,0.00476744738852064,-0.0494595453762312
PstI.TP702779,7,56779453,110,-0.43891320176998,0.00476744738852064,-0.100468132171849
PstI.TP179103,7,57227560,110,0.203519290438671,0.00476744738852064,0.0442983140367925
PstI.TP1005240,7,57259216,110,0.100152349901191,0.00476744738852064,0.0121212718118344
PstI.TP271772,7,57259256,110,0.139007550168211,0.00476744738852064,0.0149045046387887
PstI.TP967103,7,57294054,110,-0.75650574744743,0.00476744738852064,-0.117012400938154
PstI.TP1000873,7,57426488,110,-1.26695278604249,0.00476744738852064,-0.284526055833856
PstI.TP663882,7,57555118,110,2.48108330109161,0.00476744738852064,0.418132097786187
PstI.TP585747,7,57701465,110,-0.54703433037385,0.00476744738852064,-0.0901017549559159
PstI.TP808266,7,57918873,110,0.957096360415757,0.00476744738852064,0.142564290344975
PstI.TP596502,7,58014009,110,1.01338333272555,0.00476744738852064,0.141358704662953
PstI.TP1027912,7,58053493,110,-0.24853855452489,0.00476744738852064,-0.0382587780525782
PstI.TP397160,7,58561163,110,-1.50932033586906,0.00476744738852064,-0.161782814015517
PstI.TP814593,7,58562479,110,0.516687605484964,0.00476744738852064,0.0517746378468
PstI.TP277532,7,58749000,110,-1.76037709863809,0.00476744738852064,-0.198078064686974
PstI.TP580690,7,58775427,110,0.188546302788496,0.00476744738852064,0.0330664318775458
PstI.TP835882,7,58925507,110,-0.796421685628847,0.00476744738852064,-0.120657978581902
PstI.TP1035670,7,59054724,110,-0.0631278880984455,0.00476744738852064,-0.00885593613587923
PstI.TP68223,7,59248949,110,-0.123013814874973,0.00476744738852064,-0.0119344692716676
PstI.TP953640,7,59672491,110,0.913895934676287,0.00476744738852064,0.321758103225854
NsiI.TP201900,7,59739247,110,1.05443787334211,0.00476744738852064,0.16518429160363
PstI.TP285646,7,59945480,110,-1.10614700475126,0.00476744738852064,-0.251636976206803
PstI.TP622431,7,60027444,110,-0.103706089439835,0.00476744738852064,-0.0135093796655778
PstI.TP945872,7,60295761,110,-1.74412910237568,0.00476744738852064,-0.258332938450074
NsiI.TP503474,7,60458156,110,-0.164013382867879,0.00476744738852064,-0.0427464752889098
PstI.TP195822,7,60945564,110,-0.302752164668954,0.00476744738852064,-0.0431881494370439
PstI.TP862169,7,60979712,110,-0.0473954694636677,0.00476744738852064,-0.00991040263392767
PstI.TP954037,7,61167285,110,0.449653636183376,0.00476744738852064,0.0819638781282886
PstI.TP1274931,7,61404400,110,-0.25381697519136,0.00476744738852064,-0.0240232671551175
PstI.TP738055,7,61683923,110,-0.872023007717825,0.00476744738852064,-0.124085108969146
PstI.TP515294,7,61776176,110,-0.829150732975827,0.00476744738852064,-0.100750891748547
PstI.TP167190,7,62053736,110,0.888498490938504,0.00476744738852064,0.194946955761212
PstI.TP1068347,7,62120815,110,-2.67471997633383,0.00476744738852064,-0.430519389971862
PstI.TP1036644,7,62276526,110,0.143963817584719,0.00476744738852064,0.0190760114852241
PstI.TP175766,7,62320486,110,-0.326612192951341,0.00476744738852064,-0.0600644522899868
PstI.TP235061,7,62394616,110,0.723184320063688,0.00476744738852064,0.126825882745401
PstI.TP12971,7,63081914,110,-0.987733572903006,0.00476744738852064,-0.125884594007351
PstI.TP622318,7,63611772,110,-2.30205466473725,0.00476744738852064,-0.405480887362574
NsiI.TP509771,7,63795912,110,0.634318295366543,0.00476744738852064,0.0764732669705069
PstI.TP125348,7,63881820,110,-0.262300689202625,0.00476744738852064,-0.0480486966768861
PstI.TP234444,7,63993635,110,-0.332652533853209,0.00476744738852064,-0.0310839014358359
PstI.TP82727,7,64210634,110,0.992120267561131,0.00476744738852064,0.0931233293392829
PstI.TP1016623,7,64210878,110,0.681184084262544,0.00476744738852064,0.125847013792514
PstI.TP773940,7,64822434,110,-1.16601115548665,0.00476744738852064,-0.258503674965472
PstI.TP774033,7,64851531,110,2.11056430588688,0.00476744738852064,0.444388408848056
PstI.TP532426,7,64966356,110,-1.50952988658241,0.00476744738852064,-0.132888668314265
PstI.TP669233,7,65085026,110,-0.950839454170742,0.00476744738852064,-0.210485916334422
PstI.TP618070,8,   39449,110,0.46021362204174,0.00476744738852064,0.0829416616336449
PstI.TP1071629,8,  381311,110,-0.317597886556851,0.00476744738852064,-0.0429891214529298
PstI.TP795667,8,  528900,110,-0.0381193877613559,0.00476744738852064,-0.00798229858023547
PstI.TP826982,8,  664718,110,-1.42159831986534,0.00476744738852064,-0.211387203889976
PstI.TP419801,8, 1077354,110,0.465937158523005,0.00476744738852064,0.0735068449566225
PstI.TP624280,8, 1089442,110,0.654994954245594,0.00476744738852064,0.0653847928304186
PstI.TP54880,8, 1461814,110,-2.24819568087092,0.00476744738852064,-0.436832523471543
PstI.TP203977,8, 2031282,110,1.52911464783745,0.00476744738852064,0.321279999691225
PstI.TP350262,8, 2905616,110,0.147181052902377,0.00476744738852064,0.0160494195761053
PstI.TP1118313,8, 3139823,110,0.793049030735241,0.00476744738852064,0.0888275249568724
PstI.TP356253,8, 3819223,110,-0.243145202211404,0.00476744738852064,-0.0426527315362676
PstI.TP750527,8, 3822988,110,2.27332716771405,0.00476744738852064,0.24918010688345
NsiI.TP635032,8, 3980154,110,-1.36764996154428,0.00476744738852064,-0.321103042337652
PstI.TP22473,8, 5375523,110,-0.688356642823568,0.00476744738852064,-0.0836875250532736
PstI.TP577712,8, 6219464,110,-1.35465120673522,0.00476744738852064,-0.264261348033446
PstI.TP976712,8, 6325153,110,0.362249360233978,0.00476744738852064,0.047441649007028
PstI.TP1125548,8, 9735387,110,1.01681883538594,0.00476744738852064,0.150035082540238
PstI.TP125339,8,10914403,110,1.14199861359201,0.00476744738852064,0.294113091059675
PstI.TP623632,8,15930657,110,0.604285172130376,0.00476744738852064,0.112575114870402
PstI.TP120061,8,17255694,110,1.00004806412166,0.00476744738852064,0.304639640600115
PstI.TP1065040,8,41491760,110,2.51436506995629,0.00476744738852064,0.849072536392114
PstI.TP205765,8,46363312,110,0.792737615689879,0.00476744738852064,0.174390089381129
PstI.TP1125574,8,50631722,110,0.376586703201481,0.00476744738852064,0.106614092697007
PstI.TP944343,8,51918904,110,0.861598434847614,0.00476744738852064,0.16122572135804
PstI.TP1264166,8,52135359,110,1.27779513923257,0.00476744738852064,0.210269755778253
PstI.TP49251,8,52811353,110,0.65462282889122,0.00476744738852064,0.1088040806891
PstI.TP847961,8,53109574,110,0.994558664699976,0.00476744738852064,0.125863844082197
PstI.TP763524,8,54655315,110,0.402941946788223,0.00476744738852064,0.0665696745054024
NsiI.TP181198,8,55572072,110,-0.443547203132481,0.00476744738852064,-0.0969974982952852
PstI.TP585913,8,55579533,110,1.16694262236992,0.00476744738852064,0.173258645694771
PstI.TP71898,8,55904365,110,0.709774063281604,0.00476744738852064,0.113302398660478
NsiI.TP820289,8,57687842,110,0.607942987888907,0.00476744738852064,0.0572637159595671
PstI.TP615521,8,58093270,110,-0.0837574111204677,0.00476744738852064,-0.0199434122481412
PstI.TP1038754,8,58785840,110,-0.879927068832349,0.00476744738852064,-0.0990817487102006
PstI.TP798504,8,58863921,110,-0.961802428459704,0.00476744738852064,-0.0963949438284887
PstI.TP1131319,8,59436386,110,-1.04961447380952,0.00476744738852064,-0.205704817406872
PstI.TP45420,8,59829645,110,-0.125939916696138,0.00476744738852064,-0.0301302742604933
PstI.TP961842,8,59838089,110,-0.276763999946548,0.00476744738852064,-0.0752397167111859
PstI.TP342343,8,60537164,110,0.47186776228513,0.00476744738852064,0.0513347952293647
PstI.TP647641,8,61103675,110,-1.38139871948452,0.00476744738852064,-0.145071028729628
PstI.TP174587,8,61645695,110,0.749104205300922,0.00476744738852064,0.118627060495344
PstI.TP522018,8,61986171,110,-0.0284365886364319,0.00476744738852064,-0.00545894733956082
PstI.TP990909,8,62111760,110,-1.12320748188215,0.00476744738852064,-0.147824479519427
PstI.TP156491,8,62158572,110,-0.514864181129433,0.00476744738852064,-0.138130184489585
PstI.TP646559,8,62211239,110,-0.636609469543178,0.00476744738852064,-0.0886757327309216
PstI.TP881035,8,62310101,110,-1.199001817544,0.00476744738852064,-0.197695872075861
PstI.TP319520,8,62331057,110,-0.998553347180695,0.00476744738852064,-0.250892992865647
PstI.TP373660,8,62666468,110,-0.141946036659028,0.00476744738852064,-0.022340958154949
PstI.TP774948,9,  243415,110,-0.0716336017061924,0.00476744738852064,-0.0120154540484922
PstI.TP795074,9,  564192,110,0.581958865461003,0.00476744738852064,0.100077830989367
PstI.TP277254,9,  815106,110,0.820578492394846,0.00476744738852064,0.141707076316829
PstI.TP256852,9, 1065898,110,-0.0303871859987211,0.00476744738852064,-0.00378920974814491
PstI.TP719095,9, 1109109,110,0.428084780527911,0.00476744738852064,0.0756331881845254
PstI.TP463129,9, 1621136,110,1.65566027073991,0.00476744738852064,0.280214260134205
PstI.TP654004,9, 2357362,110,-0.430276758974748,0.00476744738852064,-0.0626540748476871
NsiI.TP426590,9, 2752496,110,0.297792892955878,0.00476744738852064,0.0591239943995394
PstI.TP299726,9, 2970040,110,-2.29920161144622,0.00476744738852064,-0.45826768402051
PstI.TP75281,9, 3177941,110,-1.61723138052286,0.00476744738852064,-0.19176081559177
NsiI.TP126131,9, 3184582,110,0.307493628223178,0.00476744738852064,0.0308735587911859
NsiI.TP282949,9, 3514826,110,0.0500512387168798,0.00476744738852064,0.0115956206229803
PstI.TP742405,9, 3885435,110,0.722327600236081,0.00476744738852064,0.0880106068844323
NsiI.TP236846,9, 5564156,110,-0.778330064928116,0.00476744738852064,-0.0753411086052644
PstI.TP448143,9, 6230587,110,0.501876418123434,0.00476744738852064,0.0732212374648527
PstI.TP125060,9, 6374194,110,-0.689568081000266,0.00476744738852064,-0.131500599777812
PstI.TP1184713,9, 8036705,110,-2.00229374541346,0.00476744738852064,-0.171446720094383
PstI.TP1057124,9, 9148132,110,0.662094012603784,0.00476744738852064,0.063085246691679
PstI.TP997632,9,10600783,110,-0.381153182925956,0.00476744738852064,-0.0592921759620366
PstI.TP447781,9,12669967,110,-0.330053377247405,0.00476744738852064,-0.0650238480420594
PstI.TP1266699,9,13714262,110,-0.37445814504044,0.00476744738852064,-0.0914967392885445
PstI.TP866736,9,15103421,110,-0.622677825982032,0.00476744738852064,-0.118448962006865
PstI.TP957775,9,27506778,110,0.666976675180863,0.00476744738852064,0.113170958408551
NsiI.TP97466,9,37982249,110,0.450496131185354,0.00476744738852064,0.0392889032886932
PstI.TP532345,9,38275195,110,-0.549104961034646,0.00476744738852064,-0.122478872062639
PstI.TP145796,9,40783563,110,1.40817476493938,0.00476744738852064,0.247837102887421
PstI.TP953364,9,41929468,110,-0.936802290372494,0.00476744738852064,-0.129066844029132
PstI.TP1054397,9,42375267,110,1.42678378265378,0.00476744738852064,0.188303971287627
PstI.TP957163,9,44644697,110,1.32611415308898,0.00476744738852064,0.241790788347817
PstI.TP876546,9,44646384,110,-1.38539315248979,0.00476744738852064,-0.238535793157824
PstI.TP350243,9,45321870,110,2.03907926242748,0.00476744738852064,0.264800451564058
PstI.TP1134573,9,45626034,110,-0.541224643776155,0.00476744738852064,-0.0985331458911973
PstI.TP1086009,9,47254131,110,-0.590591820109985,0.00476744738852064,-0.159796539661401
PstI.TP797211,9,47975853,110,0.00747745162187642,0.00476744738852064,0.000850976212883048
PstI.TP266635,9,48104553,110,0.595004849290578,0.00476744738852064,0.0994573471618073
PstI.TP778881,9,48260943,110,-0.315696113344347,0.00476744738852064,-0.0726882536076878
PstI.TP1173316,9,48311669,110,-0.715605771364967,0.00476744738852064,-0.164623810828586
PstI.TP870602,9,49267255,110,0.44435702466028,0.00476744738852064,0.0984825073897568
PstI.TP1123350,9,49499779,110,-0.382897165303067,0.00476744738852064,-0.0540855307589664
NsiI.TP311989,9,49682483,110,-0.0900890076824454,0.00476744738852064,-0.0203128908502526
PstI.TP751721,9,50513395,110,0.934793897043416,0.00476744738852064,0.123544586409603
PstI.TP995394,9,50625938,110,0.727826077708561,0.00476744738852064,0.075844270089432
PstI.TP781872,9,51135280,110,0.744866627845621,0.00476744738852064,0.173346264272063
PstI.TP90991,9,51173645,110,0.294388350182537,0.00476744738852064,0.0513353534129155
PstI.TP34641,9,51765933,110,-0.675119461939098,0.00476744738852064,-0.0993607947031504
PstI.TP1181821,9,51786135,110,0.542776825417139,0.00476744738852064,0.115801545759515
PstI.TP1136227,9,52020995,110,0.393681707091278,0.00476744738852064,0.084271553681381
PstI.TP179275,9,52171543,110,1.8361175933753,0.00476744738852064,0.328875538677112
PstI.TP1179994,9,52362266,110,-0.271262121975694,0.00476744738852064,-0.0668574699069568
PstI.TP754297,9,52383960,110,-1.15280530708955,0.00476744738852064,-0.133743203784174
NsiI.TP663012,9,52480175,110,0.0803305782414223,0.00476744738852064,0.00964945123456444
PstI.TP1198035,9,52938506,110,-1.31510507678544,0.00476744738852064,-0.301242726574165
PstI.TP685673,9,53035339,110,0.418734304674054,0.00476744738852064,0.126890458588048
PstI.TP1218439,9,53101439,110,1.04672278315123,0.00476744738852064,0.163609776011643
PstI.TP588448,9,53165297,110,0.962656663933508,0.00476744738852064,0.158492054263409
PstI.TP77625,9,53718156,110,0.53848591810849,0.00476744738852064,0.0774701940655137
PstI.TP1090503,9,54050222,110,0.609912935400927,0.00476744738852064,0.11262708023543
PstI.TP412441,9,54289082,110,-0.524371729825971,0.00476744738852064,-0.137473058782251
PstI.TP834958,9,54418483,110,-0.0899614399293058,0.00476744738852064,-0.0203572371191417
NsiI.TP229964,9,54430662,110,-1.29662906975356,0.00476744738852064,-0.273435606254284
PstI.TP1248173,9,54556422,110,-0.468240300560062,0.00476744738852064,-0.0585139695855793
PstI.TP780145,9,54592677,110,1.421699547895,0.00476744738852064,0.226812577427678
PstI.TP1101676,9,55031033,110,1.43401654876018,0.00476744738852064,0.161697329947262
NsiI.TP260145,9,55098373,110,0.921767069334488,0.00476744738852064,0.10231299459924
NsiI.TP815402,9,55446804,110,-1.130646995045,0.00476744738852064,-0.17616502231835
PstI.TP940076,9,55493743,110,0.968675246046526,0.00476744738852064,0.136176791953489
NsiI.TP445017,9,55901846,110,0.493403752506258,0.00476744738852064,0.0486098694936036
PstI.TP316648,9,55957859,110,-0.836076412707725,0.00476744738852064,-0.120712274725266
PstI.TP387329,9,55961556,110,1.10769587293552,0.00476744738852064,0.169684410416263
PstI.TP132499,9,56107884,110,-0.962498713278483,0.00476744738852064,-0.263004040807465
PstI.TP349556,9,56207028,110,1.45586115100313,0.00476744738852064,0.308862888825643
PstI.TP15780,9,56211895,110,-1.05557919222141,0.00476744738852064,-0.138844826491459
PstI.TP1104589,9,56629291,110,0.977958199119815,0.00476744738852064,0.108387398687274
PstI.TP930653,9,56906789,110,0.189197122271858,0.00476744738852064,0.0284668893416367
PstI.TP364228,9,56945624,110,-0.306671264068076,0.00476744738852064,-0.0452742499656579
NsiI.TP66114,9,57265279,110,-1.32437708902433,0.00476744738852064,-0.264282978227935
PstI.TP91666,9,57446168,110,1.53729018512988,0.00476744738852064,0.329898515462233
PstI.TP289185,9,57455890,110,0.362341556493931,0.00476744738852064,0.062008458954716
PstI.TP676134,9,57652835,110,0.0573575237571699,0.00476744738852064,0.00956761768676173
NsiI.TP216880,9,57840413,110,0.822690373886643,0.00476744738852064,0.207581535678493
PstI.TP541399,9,58259418,110,0.535908123635943,0.00476744738852064,0.0905923034861723
PstI.TP982126,9,58344631,110,-0.526679696093117,0.00476744738852064,-0.070067944321297
NsiI.TP675233,9,58409914,110,-1.19175983514054,0.00476744738852064,-0.230166310744397
NsiI.TP379046,9,58431629,110,-1.06760616304774,0.00476744738852064,-0.146081300578424
PstI.TP928184,9,58431631,110,-0.0259286058504531,0.00476744738852064,-0.00402855816897823
PstI.TP176380,9,58460036,110,-0.184051755733154,0.00476744738852064,-0.0274017723685287
PstI.TP780771,9,59133543,110,1.10802955008824,0.00476744738852064,0.145179350312229
PstI.TP1062021,9,59189842,110,0.777441869454865,0.00476744738852064,0.12659471493215
PstI.TP647358,9,59273127,110,1.08824741084535,0.00476744738852064,0.182175846268109
PstI.TP312460,9,59408883,110,-1.08414228846691,0.00476744738852064,-0.263969362246059
PstI.TP401430,10,  261208,110,-0.790729496494478,0.00476744738852064,-0.267954284121037
NsiI.TP525011,10,  450727,110,-1.1404588086305,0.00476744738852064,-0.222996008304065
PstI.TP32081,10,  516124,110,1.97199867778797,0.00476744738852064,0.370118903534443
PstI.TP943645,10,  536366,110,-1.01507308947469,0.00476744738852064,-0.192131428577914
PstI.TP802084,10,  555823,110,-0.927707740995583,0.00476744738852064,-0.197960863896033
PstI.TP636509,10,  765968,110,-0.888214418707719,0.00476744738852064,-0.208768725023496
PstI.TP549546,10, 1280519,110,0.942877272447228,0.00476744738852064,0.218297688052029
PstI.TP908250,10, 1283043,110,1.3518539191525,0.00476744738852064,0.127780088152704
PstI.TP284290,10, 1529382,110,0.912069234803223,0.00476744738852064,0.247982610941251
PstI.TP933601,10, 1659429,110,-0.298508805002451,0.00476744738852064,-0.063987059007155
PstI.TP724037,10, 1796215,110,0.131456777053761,0.00476744738852064,0.0354088973999046
PstI.TP1246574,10, 2518921,110,-0.973279388646644,0.00476744738852064,-0.138499044590868
PstI.TP1038470,10, 2596422,110,-0.196886800437126,0.00476744738852064,-0.0336796249646082
NsiI.TP131057,10, 2772083,110,-0.250543145528297,0.00476744738852064,-0.037853362019051
PstI.TP981281,10, 3085207,110,0.315244867854067,0.00476744738852064,0.0617244080545598
PstI.TP14467,10, 3103147,110,-0.672878023860107,0.00476744738852064,-0.167430395141421
PstI.TP798247,10, 4317874,110,-0.692338858323232,0.00476744738852064,-0.0785477113358019
PstI.TP780019,10, 4475781,110,0.734330995739929,0.00476744738852064,0.100243626406277
PstI.TP831544,10, 5137704,110,1.31410351525077,0.00476744738852064,0.178514726234401
PstI.TP1027226,10, 5400847,110,-0.0218842238056039,0.00476744738852064,-0.00303409645221905
PstI.TP99687,10, 5558897,110,0.919384057941599,0.00476744738852064,0.120076356686512
PstI.TP604956,10, 5628757,110,-1.41254086332937,0.00476744738852064,-0.220008999650256
PstI.TP1126063,10, 5769848,110,-1.27665311530049,0.00476744738852064,-0.22094038418607
PstI.TP447641,10, 6043610,110,-0.289090298526821,0.00476744738852064,-0.0392039340151728
PstI.TP265447,10, 6324176,110,0.202896995383412,0.00476744738852064,0.0404181873524896
PstI.TP275384,10, 6327741,110,-0.458046416665082,0.00476744738852064,-0.0432429621833277
PstI.TP123530,10, 7243969,110,-0.168709021382593,0.00476744738852064,-0.0369978149669679
PstI.TP1099085,10, 7953720,110,-1.79287741743009,0.00476744738852064,-0.431966073875261
PstI.TP429801,10, 8035175,110,-0.00940511540534484,0.00476744738852064,-0.00151145397380681
PstI.TP501971,10, 8186495,110,-1.34780601520309,0.00476744738852064,-0.338522080506145
PstI.TP516137,10, 8551151,110,0.150208972048874,0.00476744738852064,0.0284568242703704
PstI.TP51516,10, 8861492,110,-0.406270425696522,0.00476744738852064,-0.107148057204979
PstI.TP530550,10,10541144,110,-0.462553340760839,0.00476744738852064,-0.082199142358979
PstI.TP483070,10,10615158,110,1.32193290135879,0.00476744738852064,0.230611272601932
PstI.TP623813,10,10751887,110,0.92462338478578,0.00476744738852064,0.183841378458213
PstI.TP651505,10,11456346,110,-0.734000572953705,0.00476744738852064,-0.105698106724224
PstI.TP397772,10,13563411,110,-0.38135050092309,0.00476744738852064,-0.0543814890289256
PstI.TP864793,10,15183846,110,-0.579477827911308,0.00476744738852064,-0.0591999301518358
PstI.TP269037,10,15276368,110,1.86297655106497,0.00476744738852064,0.534718780061135
PstI.TP166160,10,18059383,110,2.59194116907255,0.00476744738852064,0.335542646266831
PstI.TP846064,10,19421525,110,-0.688986537391976,0.00476744738852064,-0.161159546544538
PstI.TP343293,10,19939931,110,-1.0045312634004,0.00476744738852064,-0.148930721700551
PstI.TP775752,10,41350986,110,1.29608888756862,0.00476744738852064,0.337410971519462
NsiI.TP648509,10,41353679,110,-3.39260814873899,0.00476744738852064,-0.689192111042878
NsiI.TP545621,10,43191875,110,-0.566356099289074,0.00476744738852064,-0.171490429800432
NsiI.TP435960,10,45929366,110,0.0577949620183802,0.00476744738852064,0.016120672092128
PstI.TP335808,10,45938674,110,-1.65750658902397,0.00476744738852064,-0.292277022511863
PstI.TP1181427,10,48075047,110,0.272495576205762,0.00476744738852064,0.0284059317792236
PstI.TP1253448,10,49715585,110,1.61554399998207,0.00476744738852064,0.210015574337773
PstI.TP529698,10,49892865,110,0.0777176690303856,0.00476744738852064,0.00930580984099624
PstI.TP532263,10,50312279,110,0.188752466264691,0.00476744738852064,0.0453997155494498
PstI.TP570326,10,50662192,110,0.730117026007102,0.00476744738852064,0.178309425043502
PstI.TP723879,10,51006962,110,0.0477063917197914,0.00476744738852064,0.00758413642807579
PstI.TP831823,10,52577215,110,-1.24283689819172,0.00476744738852064,-0.183516343528929
PstI.TP814682,10,53107040,110,0.0468265708302466,0.00476744738852064,0.0120942342718714
PstI.TP532535,10,53161445,110,-0.434493198817493,0.00476744738852064,-0.0430986262716891
PstI.TP727388,10,53174248,110,2.97970892824457,0.00476744738852064,0.743202215939141
PstI.TP459190,10,53216840,110,-0.450039975014823,0.00476744738852064,-0.0485333744256838
PstI.TP308255,10,53225710,110,-0.133908132518865,0.00476744738852064,-0.014185323375201
PstI.TP187548,10,53478010,110,0.91421037055909,0.00476744738852064,0.210479666734318
PstI.TP1027534,10,53709062,110,-2.395459880168,0.00476744738852064,-0.324069294779284
PstI.TP1109485,10,54131399,110,0.878941544450852,0.00476744738852064,0.11554697162751
PstI.TP320710,10,54501313,110,0.463802426067882,0.00476744738852064,0.0756724574890429
PstI.TP719659,10,54993631,110,-1.20374486761733,0.00476744738852064,-0.133494396970254
NsiI.TP557652,10,55121411,110,1.72160896920391,0.00476744738852064,0.239272372758311
PstI.TP1207922,10,55463410,110,-0.0475158879737483,0.00476744738852064,-0.00736220024589097
NsiI.TP527741,10,55575641,110,-1.23939814033034,0.00476744738852064,-0.304373308226601
PstI.TP887121,10,55720067,110,0.168894481995976,0.00476744738852064,0.0182961051567639
PstI.TP568763,10,55874415,110,1.08174690701758,0.00476744738852064,0.118323855587896
PstI.TP202284,10,56175041,110,-0.251523644386932,0.00476744738852064,-0.0241658359631642
PstI.TP1009563,10,56175139,110,1.08754521989862,0.00476744738852064,0.29923931841715
PstI.TP804730,10,56184709,110,0.0677861035055062,0.00476744738852064,0.00982642752986564
NsiI.TP36278,10,56255147,110,-0.546792434301964,0.00476744738852064,-0.0970332790783616
PstI.TP140535,10,56266608,110,-0.914735402063279,0.00476744738852064,-0.193604309681103
PstI.TP1159632,10,56290471,110,0.266615647375804,0.00476744738852064,0.0385955490984158
PstI.TP683199,10,56630287,110,1.16263107177903,0.00476744738852064,0.168195707285625
PstI.TP1047533,10,57105290,110,0.749568718356979,0.00476744738852064,0.206445237389076
PstI.TP977259,10,57435024,110,-1.07893191673062,0.00476744738852064,-0.282362604002327
PstI.TP1255957,10,57956794,110,0.481266062758268,0.00476744738852064,0.0743256528113369
PstI.TP984525,10,58519750,110,-0.0677181652501343,0.00476744738852064,-0.0128646560555719
PstI.TP925206,10,58730377,110,-0.285175201261712,0.00476744738852064,-0.0348692932473639
PstI.TP651715,10,58956886,110,-0.191679697875311,0.00476744738852064,-0.0199231755721805
PstI.TP360715,10,58959795,110,-1.68790953719427,0.00476744738852064,-0.198452432433565
PstI.TP1204456,10,59574064,110,-0.263322455280338,0.00476744738852064,-0.0468389946830323
PstI.TP759675,10,59672253,110,0.376918422971732,0.00476744738852064,0.0581086245765195
PstI.TP901498,10,59750699,110,-0.401463881472544,0.00476744738852064,-0.0534557819349664
PstI.TP1234552,10,60231357,110,0.924992296883472,0.00476744738852064,0.100909513120022
PstI.TP1176340,10,60292206,110,1.16577701497152,0.00476744738852064,0.130974585874353
PstI.TP994751,10,60309696,110,0.227971318036941,0.00476744738852064,0.0490765046670062
PstI.TP22664,10,60311066,110,0.233492638852107,0.00476744738852064,0.0412771968999379
PstI.TP85647,10,60886778,110,0.186557493614856,0.00476744738852064,0.0403462726726977
NsiI.TP441858,10,60928769,110,1.23880628717513,0.00476744738852064,0.160488719076193
PstI.TP1181279,10,61156077,110,-1.80191600737167,0.00476744738852064,-0.261311149536738
PstI.TP6058,11,      37,110,1.15597974536694,0.00476744738852064,0.234068519997652
PstI.TP9218,11,      63,110,-0.646418907521083,0.00476744738852064,-0.105683750532168
PstI.TP9255,11,      64,110,0.36937860016103,0.00476744738852064,0.0497361896073515
PstI.TP9799,11,      72,110,0.346410113238733,0.00476744738852064,0.0708241656366606
PstI.TP10552,11,      79,110,-0.166637985861243,0.00476744738852064,-0.021220399619523
PstI.TP10692,11,      83,110,0.273005216728204,0.00476744738852064,0.0448465071607975
PstI.TP13311,11,     108,110,-0.899499544842078,0.00476744738852064,-0.227700483012706
PstI.TP19142,11,     155,110,-1.20806747943943,0.00476744738852064,-0.254434510204616
PstI.TP25085,11,     193,110,-1.10869707978076,0.00476744738852064,-0.13179346767414
PstI.TP31637,11,     249,110,-0.56977095201609,0.00476744738852064,-0.0543834781248187
PstI.TP36138,11,     300,110,1.71262891755353,0.00476744738852064,0.316647266746764
PstI.TP40244,11,     333,110,-0.234352777605395,0.00476744738852064,-0.0338917854041543
PstI.TP46032,11,     392,110,-0.434772260763725,0.00476744738852064,-0.097446762054247
PstI.TP48113,11,     409,110,1.07934807988477,0.00476744738852064,0.126732652101722
PstI.TP48643,11,     411,110,0.602071304798826,0.00476744738852064,0.0961782638548046
PstI.TP54669,11,     453,110,2.16001047529131,0.00476744738852064,0.645509487803042
PstI.TP55980,11,     467,110,0.653339018421486,0.00476744738852064,0.0931551393833125
PstI.TP81008,11,     677,110,0.176599432230145,0.00476744738852064,0.017930907275201
PstI.TP82277,11,     687,110,0.232273704432173,0.00476744738852064,0.0338080629439235
PstI.TP88428,11,     740,110,0.0428850119548896,0.00476744738852064,0.00711484771859328
PstI.TP89007,11,     746,110,0.527192377426852,0.00476744738852064,0.144793601527263
PstI.TP96953,11,     798,110,1.10852626751327,0.00476744738852064,0.250857088359798
PstI.TP98480,11,     808,110,-0.146072089051288,0.00476744738852064,-0.0275869411218188
PstI.TP100651,11,     821,110,1.49157010818333,0.00476744738852064,0.146860305124893
PstI.TP105678,11,     872,110,0.540988689523177,0.00476744738852064,0.0582311651245883
PstI.TP109054,11,     901,110,0.151648827769915,0.00476744738852064,0.0269916450694807
PstI.TP120320,11,    1001,110,-0.408068986798266,0.00476744738852064,-0.0554444271187994
PstI.TP123922,11,    1028,110,0.289486850732179,0.00476744738852064,0.0359938866927679
PstI.TP129649,11,    1089,110,0.683090920777697,0.00476744738852064,0.125860907706459
PstI.TP132021,11,    1110,110,-1.90249190271689,0.00476744738852064,-0.410299202850413
PstI.TP139507,11,    1154,110,-0.477272775000833,0.00476744738852064,-0.0567203921414251
PstI.TP142755,11,    1196,110,0.0831959245253855,0.00476744738852064,0.0171104503430956
PstI.TP146062,11,    1230,110,0.396319649212043,0.00476744738852064,0.105174096488191
PstI.TP158908,11,    1303,110,0.144507011698991,0.00476744738852064,0.0236715176922761
PstI.TP159185,11,    1305,110,1.22804318140246,0.00476744738852064,0.213867749838675
PstI.TP160752,11,    1322,110,-1.25571166777039,0.00476744738852064,-0.145992765929638
PstI.TP165585,11,    1359,110,1.29901618668067,0.00476744738852064,0.14075527926183
PstI.TP170196,11,    1398,110,-0.256184756885832,0.00476744738852064,-0.0259148964245326
PstI.TP177166,11,    1456,110,1.14386231279719,0.00476744738852064,0.162382439815369
PstI.TP180894,11,    1482,110,0.516869827999404,0.00476744738852064,0.139133372305516
PstI.TP181796,11,    1492,110,-0.672973303273068,0.00476744738852064,-0.17363148863019
PstI.TP196680,11,    1602,110,0.804564770990537,0.00476744738852064,0.158287491575504
PstI.TP204888,11,    1673,110,0.669167336246211,0.00476744738852064,0.0734109882114704
PstI.TP207910,11,    1698,110,1.01227189371789,0.00476744738852064,0.117816731866034
PstI.TP210200,11,    1720,110,-1.24001679374129,0.00476744738852064,-0.222133153378167
PstI.TP235160,11,    1931,110,-0.109805155926908,0.00476744738852064,-0.0115934994427351
PstI.TP237881,11,    1949,110,-0.0973662788211086,0.00476744738852064,-0.0169692737499935
PstI.TP244587,11,    1996,110,-0.597575451881768,0.00476744738852064,-0.120736489888018
PstI.TP244901,11,    1997,110,0.0762469644499706,0.00476744738852064,0.0131280632068193
PstI.TP254032,11,    2066,110,-0.570168348220542,0.00476744738852064,-0.0565636838715888
PstI.TP262611,11,    2127,110,-0.134215934601358,0.00476744738852064,-0.0171001589020072
PstI.TP276796,11,    2248,110,-0.22637792625454,0.00476744738852064,-0.0397934675107174
PstI.TP280696,11,    2260,110,-1.1437524734056,0.00476744738852064,-0.1422475663115
PstI.TP288176,11,    2290,110,0.475691170291308,0.00476744738852064,0.0944480583848723
PstI.TP292029,11,    2312,110,-0.879787282270987,0.00476744738852064,-0.119059071428074
PstI.TP301480,11,    2383,110,-0.549644816558486,0.00476744738852064,-0.0917610459520049
PstI.TP303248,11,    2396,110,-0.258995727734386,0.00476744738852064,-0.0364808565435779
PstI.TP310118,11,    2455,110,1.49182768084569,0.00476744738852064,0.298335940326997
PstI.TP310149,11,    2456,110,-0.0968899032779001,0.00476744738852064,-0.0129666402371134
PstI.TP314157,11,    2482,110,-0.563112496265441,0.00476744738852064,-0.0661844955390948
PstI.TP328277,11,    2601,110,-0.09541322192741,0.00476744738852064,-0.0210164157400842
PstI.TP338365,11,    2666,110,-2.13330457797601,0.00476744738852064,-0.292781382460017
PstI.TP338468,11,    2668,110,-1.46675259500707,0.00476744738852064,-0.176146927023322
PstI.TP339945,11,    2686,110,-0.975908030044445,0.00476744738852064,-0.226161866379579
PstI.TP343679,11,    2707,110,-0.443994523280979,0.00476744738852064,-0.0873294778897417
PstI.TP350552,11,    2761,110,-1.09543099247737,0.00476744738852064,-0.27830121807654
PstI.TP386967,11,    3022,110,-0.151827970234822,0.00476744738852064,-0.0349986726107412
PstI.TP390327,11,    3046,110,-0.19457867281986,0.00476744738852064,-0.0198571676382106
PstI.TP393060,11,    3059,110,0.0711137841447778,0.00476744738852064,0.00943263960764404
PstI.TP398042,11,    3104,110,-1.58485514743766,0.00476744738852064,-0.174501819518415
PstI.TP408924,11,    3165,110,-1.63957305042862,0.00476744738852064,-0.339661607971777
PstI.TP409444,11,    3169,110,-1.81943249684066,0.00476744738852064,-0.378024107219385
PstI.TP411848,11,    3188,110,-0.652307702155938,0.00476744738852064,-0.0640081738654316
PstI.TP413714,11,    3202,110,0.694383687760378,0.00476744738852064,0.0902774944649298
PstI.TP429798,11,    3313,110,-0.201082517435568,0.00476744738852064,-0.0315773119646911
PstI.TP433234,11,    3320,110,-1.94754429133208,0.00476744738852064,-0.277608340297061
PstI.TP433397,11,    3321,110,-0.899683658841816,0.00476744738852064,-0.0950442129242818
PstI.TP437672,11,    3353,110,-0.429003848772365,0.00476744738852064,-0.0909747343238173
PstI.TP444076,11,    3404,110,0.00781141916050103,0.00476744738852064,0.000972409346916079
PstI.TP444248,11,    3408,110,-1.19947314267515,0.00476744738852064,-0.146969820176549
PstI.TP451853,11,    3460,110,1.29426911262094,0.00476744738852064,0.143791257822991
PstI.TP453426,11,    3473,110,-0.978557845824385,0.00476744738852064,-0.176621639953635
PstI.TP459896,11,    3510,110,0.0777742974120537,0.00476744738852064,0.0179464670736466
PstI.TP470828,11,    3576,110,0.365375254192458,0.00476744738852064,0.0553523654338206
PstI.TP475981,11,    3612,110,0.602944211792518,0.00476744738852064,0.0864280257787018
PstI.TP475994,11,    3613,110,-0.547699900044922,0.00476744738852064,-0.0732745244188182
PstI.TP483021,11,    3661,110,-0.845529663686007,0.00476744738852064,-0.17922488024146
PstI.TP494133,11,    3744,110,0.0870604046449499,0.00476744738852064,0.0136122000633762
PstI.TP506126,11,    3824,110,-1.09445166450301,0.00476744738852064,-0.11489142860747
PstI.TP507933,11,    3837,110,0.220168294784348,0.00476744738852064,0.0273561743588231
PstI.TP516632,11,    3891,110,1.10110182273534,0.00476744738852064,0.202540225963549
PstI.TP523962,11,    3914,110,1.11702060093313,0.00476744738852064,0.187573855151534
PstI.TP532131,11,    3976,110,-0.314375212410709,0.00476744738852064,-0.0478697811688294
PstI.TP533375,11,    3989,110,1.26470058433839,0.00476744738852064,0.272218673725529
PstI.TP543102,11,    4035,110,0.309776363560844,0.00476744738852064,0.0496559234055901
PstI.TP547968,11,    4053,110,-0.828999956205241,0.00476744738852064,-0.125400270989795
PstI.TP548769,11,    4062,110,-0.252926507894273,0.00476744738852064,-0.0478389305157507
PstI.TP550663,11,    4077,110,0.843019501859206,0.00476744738852064,0.129569106369681
PstI.TP579734,11,    4164,110,1.23922364761666,0.00476744738852064,0.233341665567376
PstI.TP581839,11,    4176,110,-0.273290515976781,0.00476744738852064,-0.0339468477666177
PstI.TP586000,11,    4203,110,-1.28121378531229,0.00476744738852064,-0.235250370182966
PstI.TP619311,11,    4342,110,0.392102205894298,0.00476744738852064,0.0608217322687178
PstI.TP631928,11,    4437,110,-0.132163206112743,0.00476744738852064,-0.0181941082698411
PstI.TP633023,11,    4448,110,-0.801006729466119,0.00476744738852064,-0.164369229466148
PstI.TP640416,11,    4495,110,0.113128480316993,0.00476744738852064,0.021882411346704
PstI.TP642761,11,    4516,110,0.503475643538574,0.00476744738852064,0.0965716031873349
PstI.TP648083,11,    4571,110,-0.870454764051164,0.00476744738852064,-0.127281784490555
PstI.TP653791,11,    4607,110,-1.32270081003691,0.00476744738852064,-0.216258180478292
PstI.TP689267,11,    4765,110,-0.0634990986724485,0.00476744738852064,-0.0106652168424781
PstI.TP690066,11,    4769,110,0.48963540340542,0.00476744738852064,0.054900282808646
PstI.TP698300,11,    4824,110,-1.12962792146439,0.00476744738852064,-0.193411422571679
PstI.TP698835,11,    4830,110,0.0459278063385881,0.00476744738852064,0.010766421783904
PstI.TP700800,11,    4849,110,0.007283633348096,0.00476744738852064,0.000957464293128485
PstI.TP712963,11,    4936,110,-0.521416112704488,0.00476744738852064,-0.058263041414357
PstI.TP720017,11,    4972,110,-0.0147991742962377,0.00476744738852064,-0.00457860617185846
PstI.TP727839,11,    5019,110,-1.25575158805903,0.00476744738852064,-0.14206850881306
PstI.TP733771,11,    5061,110,0.498167479313448,0.00476744738852064,0.102032254813019
PstI.TP740583,11,    5112,110,-1.73664178330856,0.00476744738852064,-0.183629452248186
PstI.TP747907,11,    5165,110,-0.803825696398768,0.00476744738852064,-0.0744671994065509
PstI.TP756240,11,    5223,110,0.204115711422165,0.00476744738852064,0.0376886195023575
PstI.TP762971,11,    5268,110,0.349912256732895,0.00476744738852064,0.0719906870619974
PstI.TP770341,11,    5320,110,0.806628400346727,0.00476744738852064,0.133128527926188
PstI.TP777254,11,    5366,110,-0.622206935171275,0.00476744738852064,-0.123736485501086
PstI.TP783561,11,    5407,110,0.817963689288972,0.00476744738852064,0.084280519045527
PstI.TP790783,11,    5472,110,-1.03501652740107,0.00476744738852064,-0.173014430931577
PstI.TP791036,11,    5476,110,-1.32091137304438,0.00476744738852064,-0.260611035316635
PstI.TP791364,11,    5478,110,-0.287130307821748,0.00476744738852064,-0.0563300584187542
PstI.TP794138,11,    5493,110,0.229619777584574,0.00476744738852064,0.032743803025845
PstI.TP798665,11,    5530,110,1.01752630899851,0.00476744738852064,0.147935952667509
PstI.TP804144,11,    5574,110,2.40189296144162,0.00476744738852064,0.258745904016126
PstI.TP807456,11,    5596,110,-0.0333254385669478,0.00476744738852064,-0.00698662653355275
PstI.TP817132,11,    5654,110,-1.01986860044528,0.00476744738852064,-0.176247693365361
PstI.TP818076,11,    5661,110,-0.55076924091851,0.00476744738852064,-0.142765816910372
PstI.TP825325,11,    5705,110,-0.728260431566076,0.00476744738852064,-0.0728728500445457
PstI.TP839519,11,    5813,110,-0.357997761153288,0.00476744738852064,-0.08966415343453
PstI.TP841981,11,    5827,110,0.720620595829056,0.00476744738852064,0.0853348974046376
PstI.TP842611,11,    5834,110,-0.54006733433665,0.00476744738852064,-0.0570194242332565
PstI.TP847969,11,    5876,110,-1.45479179242048,0.00476744738852064,-0.286087575603851
PstI.TP847989,11,    5877,110,-0.256308180574409,0.00476744738852064,-0.033879628357925
PstI.TP855559,11,    5958,110,1.35438308046978,0.00476744738852064,0.200556847520965
PstI.TP865711,11,    6040,110,0.0202328998676004,0.00476744738852064,0.00199227605578839
PstI.TP867146,11,    6048,110,-0.299607802975644,0.00476744738852064,-0.0451029767345854
PstI.TP874561,11,    6100,110,-0.363194304704216,0.00476744738852064,-0.0493118664390497
PstI.TP879786,11,    6143,110,-0.974933492524308,0.00476744738852064,-0.154583936136748
PstI.TP883382,11,    6167,110,-0.95861150499919,0.00476744738852064,-0.114110679753213
PstI.TP884326,11,    6177,110,0.894600763119618,0.00476744738852064,0.0925405523003146
PstI.TP886436,11,    6196,110,1.4368462556928,0.00476744738852064,0.275977966754348
PstI.TP897101,11,    6253,110,-1.32943711775279,0.00476744738852064,-0.266240621456017
PstI.TP897375,11,    6255,110,1.02292131539265,0.00476744738852064,0.229982538656505
PstI.TP898033,11,    6259,110,0.978551655361858,0.00476744738852064,0.271987322783711
PstI.TP904740,11,    6310,110,0.507201066622424,0.00476744738852064,0.091120535326715
PstI.TP909576,11,    6352,110,1.57613242636648,0.00476744738852064,0.178048944627154
PstI.TP915538,11,    6398,110,0.357514936749322,0.00476744738852064,0.0736403553455083
PstI.TP918944,11,    6423,110,0.186133864090457,0.00476744738852064,0.0277661538700773
PstI.TP924933,11,    6475,110,0.819068065370085,0.00476744738852064,0.118277154658894
PstI.TP927867,11,    6492,110,-0.10633776721054,0.00476744738852064,-0.0186521740402096
PstI.TP929366,11,    6505,110,-1.97385364421947,0.00476744738852064,-0.218997727055752
PstI.TP930028,11,    6509,110,-0.978371910591347,0.00476744738852064,-0.239864286047715
PstI.TP937647,11,    6560,110,-0.397345694136133,0.00476744738852064,-0.0710831876864494
PstI.TP941904,11,    6590,110,-0.162773742513625,0.00476744738852064,-0.0165327259507936
PstI.TP954118,11,    6658,110,0.0219684701129855,0.00476744738852064,0.00323593800130306
PstI.TP956432,11,    6670,110,-1.33179748977462,0.00476744738852064,-0.147826834440177
PstI.TP963456,11,    6700,110,-1.14422580950292,0.00476744738852064,-0.110377996133197
PstI.TP984199,11,    6827,110,0.455087169202211,0.00476744738852064,0.047240015330751
PstI.TP1020623,11,    7079,110,1.06926549889844,0.00476744738852064,0.163203958714854
PstI.TP1025367,11,    7121,110,-0.399760002611834,0.00476744738852064,-0.0395641057675527
PstI.TP1027663,11,    7144,110,0.0014538197410778,0.00476744738852064,0.000323986311499713
PstI.TP1052207,11,    7304,110,-1.20201289249917,0.00476744738852064,-0.156628055577855
PstI.TP1057943,11,    7366,110,-2.24709113030964,0.00476744738852064,-0.221505213005375
PstI.TP1068317,11,    7437,110,0.640135756594045,0.00476744738852064,0.100159053605119
PstI.TP1068412,11,    7438,110,-0.31187968314251,0.00476744738852064,-0.0469786528421811
PstI.TP1071605,11,    7472,110,-0.185377193923021,0.00476744738852064,-0.034044841168511
PstI.TP1077538,11,    7514,110,-0.49290518137477,0.00476744738852064,-0.0629618242516082
PstI.TP1087906,11,    7591,110,0.317118023602643,0.00476744738852064,0.0389302884534044
PstI.TP1098788,11,    7687,110,-0.219875449232381,0.00476744738852064,-0.0271765674614604
PstI.TP1113610,11,    7798,110,1.72014862732239,0.00476744738852064,0.182072024036521
PstI.TP1114127,11,    7803,110,0.281206517208449,0.00476744738852064,0.0367659294051816
PstI.TP1116491,11,    7831,110,-0.477757388383201,0.00476744738852064,-0.0688377581102123
PstI.TP1124649,11,    7892,110,-0.234805119176598,0.00476744738852064,-0.0470547426023051
PstI.TP1127198,11,    7909,110,1.12956976433631,0.00476744738852064,0.114164818967254
PstI.TP1130877,11,    7933,110,0.356237520346138,0.00476744738852064,0.0686792921295029
PstI.TP1134151,11,    7953,110,-0.428257589019471,0.00476744738852064,-0.0730239940719176
PstI.TP1143289,11,    8009,110,-0.92668228162944,0.00476744738852064,-0.164275156598583
PstI.TP1158265,11,    8131,110,-0.270610896780166,0.00476744738852064,-0.0407541658173385
PstI.TP1162955,11,    8169,110,-0.713166462492838,0.00476744738852064,-0.107054204121771
PstI.TP1163307,11,    8177,110,-1.08300846278784,0.00476744738852064,-0.160915079516341
PstI.TP1175096,11,    8274,110,-1.61653261228815,0.00476744738852064,-0.236103801594469
PstI.TP1175461,11,    8280,110,0.187883090344832,0.00476744738852064,0.0189532857086011
PstI.TP1176376,11,    8285,110,0.158736118947317,0.00476744738852064,0.0310172131610595
PstI.TP1198735,11,    8470,110,-0.582121365802558,0.00476744738852064,-0.0929288681463608
PstI.TP1199327,11,    8475,110,0.15213503351286,0.00476744738852064,0.0222415173038057
PstI.TP1201445,11,    8486,110,1.05092964530187,0.00476744738852064,0.131607831573672
PstI.TP1216947,11,    8569,110,-0.211813851501457,0.00476744738852064,-0.0374697769599833
PstI.TP1230532,11,    8671,110,-0.472461101215005,0.00476744738852064,-0.0645784599338143
PstI.TP1239800,11,    8727,110,-1.0259631240195,0.00476744738852064,-0.119138281294676
PstI.TP1247989,11,    8785,110,1.25218676785706,0.00476744738852064,0.182765865210343
PstI.TP1251568,11,    8808,110,0.566153021083812,0.00476744738852064,0.122621074402258
NsiI.TP28119,11,    9435,110,-2.35901234815015,0.00476744738852064,-0.353308856790449
NsiI.TP39896,11,    9611,110,0.614643962235253,0.00476744738852064,0.0799551488666096
NsiI.TP45237,11,    9692,110,-0.573777588349709,0.00476744738852064,-0.0574703807137513
NsiI.TP48486,11,    9715,110,-0.483454214587438,0.00476744738852064,-0.0587388759157462
NsiI.TP51483,11,    9741,110,0.897141337217155,0.00476744738852064,0.149567739499878
NsiI.TP57495,11,    9811,110,0.0755602387700424,0.00476744738852064,0.0104265635666415
NsiI.TP58678,11,    9821,110,-0.786071198502102,0.00476744738852064,-0.178030502616217
NsiI.TP158596,11,   10873,110,1.75888710140214,0.00476744738852064,0.424303272192411
NsiI.TP221891,11,   11610,110,-0.422927586185105,0.00476744738852064,-0.0526637448189046
NsiI.TP308443,11,   12504,110,0.56632848778804,0.00476744738852064,0.100573960934964
NsiI.TP316618,11,   12598,110,0.64136898687484,0.00476744738852064,0.0758296561412137
PstI.TP141279,11,   12718,110,-0.700471977713469,0.00476744738852064,-0.111597103902268
NsiI.TP350913,11,   12980,110,0.247823082043109,0.00476744738852064,0.0588505821424203
NsiI.TP363762,11,   13147,110,-0.643729354443691,0.00476744738852064,-0.143440060388257
NsiI.TP402781,11,   13547,110,1.28974889023354,0.00476744738852064,0.282798482626443
NsiI.TP422015,11,   13841,110,-0.289339477938066,0.00476744738852064,-0.0361488608640029
NsiI.TP424155,11,   13899,110,-0.0815439030222688,0.00476744738852064,-0.0167643490794425
NsiI.TP426468,11,   13949,110,-1.76140525149584,0.00476744738852064,-0.19442702380364
NsiI.TP437987,11,   14225,110,0.144635770236554,0.00476744738852064,0.0306703849692902
NsiI.TP452078,11,   14486,110,-0.959440631839753,0.00476744738852064,-0.171491498114206
NsiI.TP489646,11,   15049,110,-0.313655941768972,0.00476744738852064,-0.0296700066374423
NsiI.TP495411,11,   15163,110,0.00311948115845008,0.00476744738852064,0.000457474113862488
NsiI.TP501040,11,   15248,110,1.35695140995767,0.00476744738852064,0.409487723658819
NsiI.TP560012,11,   16067,110,0.556011878787933,0.00476744738852064,0.0622189839438414
NsiI.TP570294,11,   16176,110,0.380570352399729,0.00476744738852064,0.0795711801678617
NsiI.TP608142,11,   16637,110,0.0077204681162557,0.00476744738852064,0.00173222819827342
NsiI.TP615967,11,   16721,110,0.96790169767613,0.00476744738852064,0.104612423881103
NsiI.TP621335,11,   16810,110,-0.778181397962431,0.00476744738852064,-0.132156834246595
NsiI.TP622507,11,   16837,110,-0.468748890368435,0.00476744738852064,-0.111350884715191
PstI.TP701939,11,  789248,110,0.541918738641753,0.00476744738852064,0.090245964247668
