SNP,Chromosome,Position ,P.value,maf,nobs,Rsquare.of.Model.without.SNP,Rsquare.of.Model.with.SNP,FDR_Adjusted_P-values,effect
PstI.TP360841,2, 2832783,4.6224884650392e-05,0.39344262295082,122,0,0.147753571565184,0.0381252548721963,0.0173038818495419
PstI.TP457393,1,60097068,9.07465890004231e-05,0.233606557377049,122,0,0.135643930690681,0.0381252548721963,-0.0140854865242921
PstI.TP152056,5,64031521,0.000103228252407249,0.0614754098360656,122,0,0.133350612946387,0.0381252548721963,0.0308922440994927
PstI.TP548709,2,61335066,0.000128923359960885,0.0573770491803279,122,0,0.129410544423101,0.0381252548721963,0.0244426963268563
NsiI.TP560012,11,   16067,0.000129413628215194,0.311475409836066,122,0,0.129343433926005,0.0381252548721963,-0.0139412373862742
PstI.TP993272,2,58286678,0.000200423304979621,0.459016393442623,122,0,0.121647941948935,0.0448468467801241,-0.0353209877147651
PstI.TP1124649,11,    7892,0.000246045399665894,0.0778688524590164,122,0,0.118066498926189,0.0448468467801241,-0.0235512183472593
PstI.TP985838,3,58380810,0.000272174522764172,0.0737704918032787,122,0,0.11631028673472,0.0448468467801241,-0.0251270034601947
PstI.TP1118313,8, 3139823,0.000274354880867688,0.491803278688525,122,0,0.116171625271668,0.0448468467801241,-0.0132855213898612
PstI.TP705967,1, 5858828,0.000334871491507555,0.0819672131147541,122,0,0.112716224836317,0.0448468467801241,0.0216115577843888
PstI.TP288641,1,27158173,0.000334905169437451,0.0532786885245902,122,0,0.112714485649239,0.0448468467801241,-0.0279186567089034
PstI.TP990909,8,62111760,0.000445565750249437,0.163934426229508,122,0,0.107794094435977,0.0486659883137887,0.0165874908145743
PstI.TP325958,3,54129415,0.000453045273840049,0.327868852459016,122,0,0.10750824745743,0.0486659883137887,-0.0115754831243367
PstI.TP788586,6,57442567,0.000466787026162829,0.336065573770492,122,0,0.106995459784793,0.0486659883137887,0.0193568739004456
PstI.TP1147160,7,44396170,0.000518078655772588,0.450819672131148,122,0,0.105209335318155,0.0486659883137887,-0.0302572630465324
PstI.TP178231,2,62690478,0.000561438920554766,0.217213114754098,122,0,0.103835471939231,0.0486659883137887,-0.0152610688164229
NsiI.TP440927,1,20252244,0.000607312112025925,0.0819672131147541,122,0,0.102495676070673,0.0486659883137887,0.0240229953132845
PstI.TP318872,4,54744673,0.000635229404624348,0.483606557377049,122,0,0.101730195430436,0.0486659883137887,0.0120585320890207
PstI.TP337951,4,40615943,0.000682031916220109,0.336065573770492,122,0,0.100521168384382,0.0486659883137887,0.0131313842401723
PstI.TP641744,2,61738293,0.000689420731236201,0.225409836065574,122,0,0.100338106207803,0.0486659883137887,-0.012739801511346
PstI.TP1101676,9,55031033,0.000708290368734912,0.348360655737705,122,0,0.0998795822423211,0.0486659883137887,-0.0117788076759298
PstI.TP308053,1, 8330660,0.000726851149289445,0.10655737704918,122,0,0.099440627868801,0.0486659883137887,-0.0181376717830228
PstI.TP1181476,5, 2299991,0.000783811079885455,0.254098360655738,122,0,0.0981620349555915,0.0501979878552729,-0.0138053417455252
PstI.TP504809,4, 5155593,0.000996813086849841,0.401639344262295,122,0,0.0941048577978235,0.0609368011808872,0.0173956140806257
NsiI.TP615624,1,65289533,0.00103422948372178,0.180327868852459,122,0,0.0934852430349395,0.0609368011808872,0.0176883514711561
PstI.TP731882,3,19716780,0.00117594529734812,0.0614754098360656,122,0,0.0913307221561717,0.0666218239612993,0.0255658593606813
PstI.TP532426,7,64966356,0.00127014152341348,0.487704918032787,122,0,0.0900415077498575,0.0685229943008371,0.0103638293673608
NsiI.TP360999,1,10465743,0.00132065968543971,0.0901639344262295,122,0,0.0893899923603849,0.0685229943008371,-0.019544262450988
PstI.TP352846,1,71717994,0.00137139304673593,0.266393442622951,122,0,0.0887609829460502,0.0685229943008371,0.0121758981715124
PstI.TP807213,1,57183105,0.00139558033199261,0.110655737704918,122,0,0.0884694710915772,0.0685229943008371,-0.0146095585330207
NsiI.TP436966,3,  208286,0.00155893418150943,0.0983606557377049,122,0,0.0866271240732571,0.0740745177213997,0.0205682696665152
NsiI.TP181198,8,55572072,0.00169806798574468,0.14344262295082,122,0,0.0852081909169752,0.0748454506074724,-0.0179281918914264
PstI.TP976293,2,66188757,0.00170448858140864,0.122950819672131,122,0,0.0851456302268717,0.0748454506074724,0.0137141526249894
PstI.TP318422,3,54362877,0.00177182165460986,0.479508196721311,122,0,0.0845037840523416,0.0748454506074724,0.0104543397887026
PstI.TP1206060,2,69316419,0.00181204165773856,0.413934426229508,122,0,0.0841322539146612,0.0748454506074724,0.0105338367792015
PstI.TP41440,3,59899767,0.00182921671545757,0.0737704918032787,122,0,0.0839761780905771,0.0748454506074724,-0.0213505805712057
NsiI.TP131057,10, 2772083,0.00200415100812948,0.127049180327869,122,0,0.0824673212671567,0.0797868766209386,-0.0153103805943825
PstI.TP444076,11,    3404,0.00209449039708207,0.172131147540984,122,0,0.08174037658736,0.0811890619711023,-0.0143177589398315
PstI.TP377610,1, 9851445,0.00227106499849268,0.069672131147541,122,0,0.080408330528552,0.0857763780199926,-0.021335310473843
NsiI.TP66114,9,57265279,0.0028674465726476,0.069672131147541,122,0,0.0765889270727769,0.105593720037748,0.0222000192288478
PstI.TP1027226,10, 5400847,0.00303283638261165,0.270491803278688,122,0,0.0756744465471202,0.108960194916755,0.0124055707737366
PstI.TP744473,3,61669976,0.00312377819108378,0.0901639344262295,122,0,0.0751932756288927,0.109555363701581,-0.0158915375046671
PstI.TP719659,10,54993631,0.00325883286749829,0.405737704918033,122,0,0.074504729314402,0.111633972414534,0.0105801699482424
PstI.TP1000873,7,57426488,0.00335994763482331,0.0532786885245902,122,0,0.0740082185874912,0.112183935251974,-0.0244931430106883
PstI.TP687743,1,69969234,0.00355109165992458,0.122950819672131,122,0,0.0731103882160191,0.112183935251974,0.0140999333025708
NsiI.TP663012,9,52480175,0.00356666705441365,0.348360655737705,122,0,0.0730394388021214,0.112183935251974,0.0107254389478348
PstI.TP85647,10,60886778,0.00357952814449613,0.0532786885245902,122,0,0.0729810942617694,0.112183935251974,0.0243225849179231
PstI.TP1066472,2,73495691,0.0037140035225867,0.0819672131147541,122,0,0.0723836894682887,0.113793819180647,0.0201880672242986
PstI.TP816739,1,64060896,0.003785401995826,0.139344262295082,122,0,0.0720755137443462,0.113793819180647,-0.0166342240499388
NsiI.TP529124,3,63127607,0.00387880724423299,0.131147540983607,122,0,0.0716812894722686,0.114269661415104,-0.0156353040552289
PstI.TP530837,1,65836675,0.00432728143181427,0.10655737704918,122,0,0.0699156464262995,0.120654068656413,-0.0157728398506392
PstI.TP437672,11,    3353,0.004409582989942,0.069672131147541,122,0,0.0696122467393938,0.120654068656413,0.0198514059245964
PstI.TP831823,10,52577215,0.00449680161946023,0.0860655737704918,122,0,0.0692970412779415,0.120654068656413,0.0154350690393949
PstI.TP1184603,3, 2835614,0.00453196693577861,0.188524590163934,122,0,0.0691717381934505,0.120654068656413,0.0150753741870818
PstI.TP924658,1,65264909,0.00461142308774545,0.180327868852459,122,0,0.0688922768260287,0.120654068656413,0.0151845210332442
PstI.TP207042,3,68906982,0.00461579365735198,0.0532786885245902,122,0,0.0688770494722729,0.120654068656413,-0.0236288078319655
PstI.TP269566,3,63644939,0.00466889471379193,0.290983606557377,122,0,0.0686932233264557,0.120654068656413,0.0104100040930279
PstI.TP160752,11,    1322,0.0054558129328176,0.295081967213115,122,0,0.0661971473331352,0.138558835345523,-0.0104103256520177
PstI.TP1027117,3,70383646,0.00557115607747826,0.0573770491803279,122,0,0.0658629020032124,0.139090049188568,0.0207561902832748
PstI.TP643379,3, 5147929,0.00575844137904822,0.0737704918032787,122,0,0.0653351452838578,0.141369735855634,0.0200221161506483
PstI.TP677745,1, 5751851,0.00633021490398554,0.213114754098361,122,0,0.0638275044443851,0.152859123829028,-0.0105651782410514
PstI.TP282617,3,67991463,0.00660115262081284,0.131147540983607,122,0,0.0631616820091671,0.156830609846086,-0.0158715765321839
PstI.TP749310,2, 9525754,0.00674240956043272,0.258196721311475,122,0,0.0628256891977296,0.157643956865355,-0.0139335512151154
PstI.TP955356,3,67880743,0.00702238136108545,0.188524590163934,122,0,0.0621807894520189,0.161624496013732,-0.0107503683785735
NsiI.TP346008,4,67938088,0.00772935943888057,0.102459016393443,122,0,0.0606641142582383,0.174208520883085,0.0154662546398139
PstI.TP569914,5, 1262747,0.00780567710677776,0.290983606557377,122,0,0.0605090686543943,0.174208520883085,0.01011507005508
PstI.TP773940,7,64822434,0.00810434464427791,0.0614754098360656,122,0,0.0599170644518859,0.176076440422467,-0.0207074782315329
PstI.TP1045605,6,49825862,0.00817920639233074,0.295081967213115,122,0,0.0597722248947352,0.176076440422467,-0.0138098171589858
PstI.TP549798,2,23212519,0.00824797989759012,0.233606557377049,122,0,0.0596403721553722,0.176076440422467,0.00998067992626168
PstI.TP694469,2,61192392,0.00856974922522765,0.290983606557377,122,0,0.0590382657501164,0.178811719592396,-0.00934272795599996
PstI.TP935651,4,66370793,0.00861889483439245,0.19672131147541,122,0,0.0589483735677797,0.178811719592396,0.0110913949181763
PstI.TP356699,1, 5752437,0.00886491933594285,0.0532786885245902,122,0,0.0585062275932753,0.178921979073224,-0.0217773780815299
PstI.TP189129,1,73890221,0.00886714492352024,0.069672131147541,122,0,0.0585022862670117,0.178921979073224,-0.0163393313330781
PstI.TP577712,8, 6219464,0.00906177534050124,0.118852459016393,122,0,0.0581615283492005,0.180378311845383,0.0157386290687517
PstI.TP452173,2,10527282,0.0092668036606946,0.463114754098361,122,0,0.0578106929263402,0.182000023896042,0.00982925005387208
PstI.TP374511,1, 3576636,0.00962814252426908,0.131147540983607,122,0,0.0572115821299529,0.186418217759107,0.0122994739986334
PstI.TP30317,6,54709438,0.00974487628475983,0.180327868852459,122,0,0.0570230177787805,0.186418217759107,0.0107879151602565
PstI.TP533117,1,18662889,0.0102977579155941,0.0942622950819672,122,0,0.0561607086780047,0.192117932958334,-0.0159962924301681
PstI.TP109054,11,     901,0.0103327091505797,0.069672131147541,122,0,0.0561078250722034,0.192117932958334,0.0160014587923069
NsiI.TP56799,2,71751615,0.0105338995535967,0.348360655737705,122,0,0.0558069833747267,0.192117932958334,-0.0109552540405935
PstI.TP1056336,6,60888540,0.0105645299182791,0.0860655737704918,122,0,0.0557617064085644,0.192117932958334,0.0173774945726318
PstI.TP411848,11,    3188,0.0109611627069234,0.442622950819672,122,0,0.0551874499766158,0.196899910576808,-0.0085913935576281
PstI.TP307588,1, 4762662,0.0111094517071055,0.0737704918032787,122,0,0.054978288484462,0.197159305597185,-0.0172753654855909
PstI.TP1090503,9,54050222,0.0113972141033389,0.147540983606557,122,0,0.0545805659925068,0.199591930888964,-0.0137004632509701
PstI.TP1274931,7,61404400,0.0115175248646041,0.385245901639344,122,0,0.0544173717728321,0.199591930888964,0.00782966779827357
PstI.TP1181427,10,48075047,0.0117377103801745,0.364754098360656,122,0,0.0541232495398127,0.20027104213617,-0.00953282465226043
PstI.TP292268,5, 3450082,0.0118286358899164,0.0778688524590164,122,0,0.0540034645650695,0.20027104213617,-0.0178034785872431
PstI.TP716101,6,47677795,0.0122761554749364,0.209016393442623,122,0,0.0534275489530393,0.205486102438423,0.0107312233355371
PstI.TP770895,1,13263569,0.0125121955229655,0.151639344262295,122,0,0.0531325371912805,0.207083865228407,0.0121693795987762
PstI.TP1112974,6,49485124,0.0127597141441858,0.135245901639344,122,0,0.0528293455404001,0.20883398815984,-0.0138116399635019
PstI.TP831544,10, 5137704,0.0132281414836379,0.180327868852459,122,0,0.0522719825734138,0.21412145500438,-0.0127801574076786
PstI.TP513843,3, 2577255,0.0139157744301376,0.30327868852459,122,0,0.0514900185561022,0.22280364929992,-0.00862842194043175
PstI.TP401749,7, 8817658,0.0141967990846466,0.155737704918033,122,0,0.0511819825939628,0.224843576649082,0.0130804125868262
PstI.TP972953,1, 7984963,0.0145093816745188,0.44672131147541,122,0,0.0508467453800617,0.224843576649082,-0.00867485463765795
PstI.TP459896,11,    3510,0.0145394879784634,0.0860655737704918,122,0,0.0508148559968364,0.224843576649082,0.0157097489596603
NsiI.TP388907,2,71256645,0.0146537565229544,0.262295081967213,122,0,0.0506944440970259,0.224843576649082,-0.00936452192722525
NsiI.TP621776,1,79466998,0.0155410000510196,0.200819672131147,122,0,0.0497915922131006,0.233672216475873,0.0122342952271922
PstI.TP1140972,3, 3019093,0.0155464203765347,0.241803278688525,122,0,0.0497862435372026,0.233672216475873,0.0124036032773721
PstI.TP350552,11,    2761,0.0158757442340231,0.0532786885245902,122,0,0.0494648775368171,0.234359461557403,0.0200241003030161
PstI.TP393060,11,    3059,0.015910350411229,0.213114754098361,122,0,0.0494315128989196,0.234359461557403,-0.0103037596619412
PstI.TP1231486,2,73904492,0.0161204834907664,0.25,122,0,0.0492305335231139,0.235103684969295,0.00939609009083562
PstI.TP756560,6,30981137,0.0169361968663136,0.442622950819672,122,0,0.0484755003244194,0.241001678152181,-0.00855266040960365
PstI.TP277254,9,  815106,0.0169518926762272,0.315573770491803,122,0,0.0484613477923216,0.241001678152181,0.0126746388315277
NsiI.TP499934,1,76362422,0.017015732877004,0.19672131147541,122,0,0.0484039255679508,0.241001678152181,-0.0125110362294889
PstI.TP789647,3,69354547,0.0174728537867525,0.368852459016393,122,0,0.0479992315531615,0.242938565949128,0.00829952180657095
PstI.TP855559,11,    5958,0.0174823407947098,0.254098360655738,122,0,0.0479909504179599,0.242938565949128,0.0121730014439514
PstI.TP728315,4, 6366039,0.0176514451537771,0.0983606557377049,122,0,0.0478441246095673,0.242996062724427,0.0133489341217598
NsiI.TP575618,7, 3778581,0.0180948766864452,0.0737704918032787,122,0,0.0474659989408935,0.244549417662898,-0.0160517707658595
PstI.TP198433,6,56321576,0.0180963248643964,0.135245901639344,122,0,0.0474647799982404,0.244549417662898,0.0108338381941112
PstI.TP91211,1,10530796,0.0189173435497559,0.163934426229508,122,0,0.0467896784860278,0.250112415624495,0.0115740148797223
NsiI.TP501821,5,53570195,0.0190095325592128,0.0532786885245902,122,0,0.0467157978929486,0.250112415624495,-0.0167831649700521
PstI.TP1032405,1,62899325,0.0190173730821069,0.0942622950819672,122,0,0.0467095318029841,0.250112415624495,-0.0153500823532342
PstI.TP920636,1, 4777048,0.0202551425208304,0.0983606557377049,122,0,0.0457528391361991,0.25714239327376,-0.0149478879527475
NsiI.TP39740,2,  186613,0.0202977838130345,0.0778688524590164,122,0,0.0457209826533207,0.25714239327376,-0.0146557421077029
PstI.TP51995,2,74836619,0.020542766658611,0.0819672131147541,122,0,0.0455393103683301,0.25714239327376,0.0160128121586937
PstI.TP529698,10,49892865,0.0205453478253973,0.237704918032787,122,0,0.0455374083707999,0.25714239327376,0.0096097480387652
PstI.TP973605,1, 7933170,0.0205545923110839,0.0778688524590164,122,0,0.0455305983957829,0.25714239327376,0.0139458742876282
PstI.TP636397,2,65617813,0.0205993227469815,0.131147540983607,122,0,0.0454976929284607,0.25714239327376,0.012456559713986
PstI.TP724939,3,66915295,0.0208043089640792,0.0655737704918032,122,0,0.0453478499106703,0.257518883227636,0.0146468244769787
NsiI.TP570294,11,   16176,0.0215216409522671,0.0737704918032787,122,0,0.0448354242815233,0.261014909405735,0.0165862110716825
PstI.TP1238303,6,50987036,0.0215649669173192,0.155737704918033,122,0,0.0448050508654142,0.261014909405735,0.0100023598627956
PstI.TP776110,6,55103901,0.0216183428021043,0.401639344262295,122,0,0.0447677199823905,0.261014909405735,0.00816137448748592
PstI.TP1177494,1,71370263,0.0221616941913608,0.118852459016393,122,0,0.0443931193326131,0.264004385526093,0.0137501306893135
NsiI.TP262182,7,38847042,0.0222357800367602,0.176229508196721,122,0,0.044342791170237,0.264004385526093,-0.012244842626346
PstI.TP883382,11,    6167,0.022403630815181,0.258196721311475,122,0,0.0442294150837584,0.264004385526093,0.00874374681091537
PstI.TP890801,2,72613106,0.02262433111336,0.0819672131147541,122,0,0.0440816921224813,0.264489204206185,-0.0124626327256535
PstI.TP188641,3, 6088178,0.0228186927131968,0.139344262295082,122,0,0.0439528472354415,0.264660900523928,-0.011643354990157
NsiI.TP338280,6,53961287,0.0231692656975459,0.450819672131148,122,0,0.0437233379179144,0.26662756541004,0.0079691645140444
PstI.TP532669,4, 3498516,0.0234495839247207,0.491803278688525,122,0,0.0435424335086262,0.266637325949469,0.00788318707475122
PstI.TP402235,2,70727485,0.0239018379238091,0.344262295081967,122,0,0.0432553101813681,0.266637325949469,0.00809394075596237
PstI.TP276796,11,    2248,0.0239192526971966,0.131147540983607,122,0,0.0432443685638925,0.266637325949469,-0.0131328203755098
PstI.TP615521,8,58093270,0.0240491991064727,0.0655737704918033,122,0,0.0431629874611401,0.266637325949469,0.0170974873917335
PstI.TP450294,2,72761555,0.0242931590561418,0.229508196721311,122,0,0.043011445374382,0.266637325949469,-0.00956145127872614
PstI.TP762971,11,    5268,0.0245643513891889,0.0901639344262295,122,0,0.0428448551765975,0.266637325949469,0.0129555789336458
PstI.TP166492,6, 2200069,0.0248354764975107,0.118852459016393,122,0,0.0426802298562832,0.266637325949469,-0.0124064669958812
PstI.TP69823,1,70805200,0.0251136071427862,0.237704918032787,122,0,0.0425133048408204,0.266637325949469,0.00813877866991948
PstI.TP588448,9,53165297,0.0251721248549378,0.233606557377049,122,0,0.0424784322457442,0.266637325949469,0.0114757109792469
PstI.TP647358,9,59273127,0.0252770081837768,0.0778688524590164,122,0,0.0424161419342186,0.266637325949469,0.0141161289886082
PstI.TP753697,4, 2038364,0.0253294805954386,0.360655737704918,122,0,0.0423850805687854,0.266637325949469,0.0127560196616964
PstI.TP285646,7,59945480,0.0253775462248416,0.069672131147541,122,0,0.0423566872236698,0.266637325949469,0.0165094023115701
PstI.TP41452,4,57358774,0.02562029442723,0.0614754098360656,122,0,0.0422141507402748,0.266637325949469,-0.0144041999109458
PstI.TP1104589,9,56629291,0.0257232504441041,0.233606557377049,122,0,0.0421541261889646,0.266637325949469,-0.00854386770512321
PstI.TP548274,7,51500731,0.0260704636279119,0.131147540983607,122,0,0.0419535466848453,0.266637325949469,0.0124199056337092
PstI.TP303248,11,    2396,0.0260819474131819,0.19672131147541,122,0,0.0419469608481788,0.266637325949469,-0.00957076926660523
PstI.TP306460,5,13194806,0.0263960066197833,0.159836065573771,122,0,0.0417680256757187,0.266637325949469,0.012174190463397
PstI.TP550663,11,    4077,0.0264284111260166,0.131147540983607,122,0,0.0417496910167583,0.266637325949469,0.0105068175928795
PstI.TP335808,10,45938674,0.0268205187665445,0.122950819672131,122,0,0.0415296934977487,0.268699938003645,0.0131466254499371
PstI.TP292029,11,    2312,0.0273327423517543,0.151639344262295,122,0,0.0412473562234801,0.268699938003645,0.0098805786857619
PstI.TP1293746,4,10710177,0.0274985618637113,0.14344262295082,122,0,0.0411571505308372,0.268699938003645,0.00997305491755623
PstI.TP262688,4, 7128828,0.0276777707890934,0.0573770491803278,122,0,0.0410603037420115,0.268699938003645,-0.0176613806701613
PstI.TP1114836,3, 3245214,0.0277166855291534,0.114754098360656,122,0,0.0410393611232063,0.268699938003645,0.0122917145671825
NsiI.TP114895,3, 2441296,0.0280576589779538,0.0614754098360656,122,0,0.040857176243591,0.268699938003645,-0.0170996067859174
PstI.TP197785,3,62421321,0.0280986465087852,0.159836065573771,122,0,0.0408354336723328,0.268699938003645,0.0120375112061889
PstI.TP522018,8,61986171,0.0286229238953667,0.069672131147541,122,0,0.040560236474556,0.268699938003645,-0.0151530021105019
PstI.TP95174,1,79947590,0.0286565174064069,0.0819672131147541,122,0,0.0405427847095851,0.268699938003645,-0.0129613322275946
PstI.TP116123,1, 5967108,0.0286649403566331,0.0573770491803279,122,0,0.0405384123886223,0.268699938003645,0.0162839807552874
PstI.TP412441,9,54289082,0.0287417706215303,0.0532786885245902,122,0,0.0404985925798866,0.268699938003645,0.0181185946189295
PstI.TP1268585,1, 2988383,0.0288218534993726,0.364754098360656,122,0,0.0404572064070496,0.268699938003645,-0.0125786907606148
PstI.TP585913,8,55579533,0.0303824201967805,0.151639344262295,122,0,0.0396741026537564,0.280379990367133,-0.0120374002007354
PstI.TP379031,3,68701578,0.0304705095685451,0.434426229508197,122,0,0.0396311736445476,0.280379990367133,-0.00741289570404333
PstI.TP342343,8,60537164,0.0306457423279758,0.397540983606557,122,0,0.0395461652402661,0.280379990367133,0.00802063126153832
NsiI.TP158596,11,   10873,0.0310399701577686,0.0983606557377049,122,0,0.039356781962016,0.281906648076148,-0.0116548744531112
NsiI.TP20060,1,18191763,0.0311953724619227,0.102459016393443,122,0,0.0392828259151142,0.281906648076148,-0.0124457360709342
PstI.TP1015835,1, 6514843,0.0315778045853749,0.188524590163934,122,0,0.0391024726469494,0.282242687712111,0.0113345913383157
PstI.TP174297,3, 5563037,0.0316157796826194,0.0901639344262295,122,0,0.0390846899700048,0.282242687712111,0.0129234412110227
PstI.TP9218,11,      63,0.0322098728864084,0.122950819672131,122,0,0.0388093974146153,0.285814113022166,0.0112985002703115
PstI.TP754297,9,52383960,0.0328823781870349,0.483606557377049,122,0,0.0385041801734444,0.287531000370664,-0.00730849981160896
PstI.TP1266699,9,13714262,0.0331424366623269,0.0737704918032787,122,0,0.038387920004422,0.287531000370664,0.015347365513467
PstI.TP177166,11,    1456,0.0331598315890155,0.135245901639344,122,0,0.038380178024657,0.287531000370664,-0.0102980014403261
PstI.TP91666,9,57446168,0.0334987785879642,0.0655737704918033,122,0,0.0382301748457778,0.287531000370664,-0.0160908759316368
NsiI.TP173658,3,64787835,0.0337518185123627,0.491803278688525,122,0,0.0381192345044862,0.287531000370664,-0.00706178181908359
PstI.TP681191,6,51040947,0.0337690315139816,0.270491803278689,122,0,0.0381117198314799,0.287531000370664,-0.0108831035247777
PstI.TP976712,8, 6325153,0.0339891465926352,0.131147540983607,122,0,0.0380159804041421,0.287531000370664,0.010025999008261
PstI.TP929783,1,68577350,0.0347814123545772,0.110655737704918,122,0,0.0376767403031193,0.287531000370664,0.0129892012056821
PstI.TP786113,6,60914620,0.034863617662268,0.442622950819672,122,0,0.0376420106938833,0.287531000370664,0.00779047466451346
PstI.TP372461,5,69064710,0.0350299030778609,0.139344262295082,122,0,0.0375720240349906,0.287531000370664,0.0120099436356716
PstI.TP626124,1, 3342723,0.0350401270823876,0.069672131147541,122,0,0.0375677324269196,0.287531000370664,-0.0155481187467954
PstI.TP1001032,4, 6463834,0.0350921198078941,0.221311475409836,122,0,0.0375459285830647,0.287531000370664,-0.0108372615939578
PstI.TP506126,11,    3824,0.0351122444420246,0.434426229508197,122,0,0.0375374982410566,0.287531000370664,-0.00795114993724223
PstI.TP179103,7,57227560,0.0354651250693573,0.0614754098360656,122,0,0.0373905010806339,0.287531000370664,0.0163580899639889
NsiI.TP655257,1,80728948,0.0357640457340234,0.151639344262295,122,0,0.037267189944955,0.287531000370664,0.00856950553954462
PstI.TP1014704,4,68495682,0.0360155818689086,0.229508196721311,122,0,0.0371642699174963,0.287531000370664,-0.00955874451114584
PstI.TP1262851,4,67370507,0.0360457703847173,0.0532786885245902,122,0,0.0371519690773306,0.287531000370664,0.0173538348943058
PstI.TP16576,6,51508909,0.0360990761282906,0.0614754098360656,122,0,0.0371302753802251,0.287531000370664,0.0151874582679167
PstI.TP826982,8,  664718,0.0362259812044188,0.30327868852459,122,0,0.0370787656222614,0.287531000370664,0.0109500379259917
PstI.TP750527,8, 3822988,0.0363073768288823,0.340163934426229,122,0,0.0370458284620611,0.287531000370664,-0.00759073576734543
PstI.TP819907,6, 6739141,0.0368600444037073,0.168032786885246,122,0,0.0368242401541062,0.29034676688054,0.0096511844150272
PstI.TP738023,2,59441982,0.0373769525936104,0.286885245901639,122,0,0.0366201579204651,0.291436925468988,-0.00815555730873863
PstI.TP332939,5,61681179,0.0374194025257965,0.290983606557377,122,0,0.0366035314509309,0.291436925468988,-0.00868573230540341
PstI.TP1227925,6,50604731,0.0376008828980674,0.155737704918033,122,0,0.0365326757179734,0.291436925468988,0.00975242136239369
PstI.TP733771,11,    5061,0.0379647826924182,0.0737704918032787,122,0,0.0363916854720528,0.291436925468988,0.0149429943073417
PstI.TP596502,7,58014009,0.0381814647094091,0.151639344262295,122,0,0.0363084138415537,0.291436925468988,-0.0107142162467485
PstI.TP871336,1,69055455,0.0381855577837845,0.069672131147541,122,0,0.0363068456942803,0.291436925468988,0.0152849709462759
PstI.TP338365,11,    2666,0.038453967838826,0.147540983606557,122,0,0.0362043998350532,0.291500360646574,0.00907633404370263
NsiI.TP509771,7,63795912,0.0385896607780596,0.311475409836066,122,0,0.0361528977638563,0.291500360646574,0.00789156665361455
PstI.TP419801,8, 1077354,0.0389139961840244,0.225409836065574,122,0,0.0360305723996426,0.292450593770755,-0.0105975702163984
PstI.TP1165736,1,57192298,0.0395534730398143,0.0778688524590164,122,0,0.0357925327142945,0.293959195300552,-0.0144940671991707
PstI.TP1113610,11,    7798,0.0396221162413286,0.336065573770492,122,0,0.0357672243904837,0.293959195300552,0.00720409108103589
NsiI.TP712037,1,67933970,0.0398363388637691,0.336065573770492,122,0,0.0356885406175258,0.293959195300552,-0.00698410629832968
NsiI.TP39018,3,69197876,0.0399129932519419,0.114754098360656,122,0,0.0356604947977203,0.293959195300552,0.0124749900526357
PstI.TP1100905,3,73743770,0.0407862613546308,0.0737704918032787,122,0,0.0353449749234263,0.298896333210802,-0.0147265285874635
PstI.TP217199,1,78396312,0.0412256034348181,0.0573770491803278,122,0,0.0351889437049662,0.300620365641025,-0.015171563092986
PstI.TP444825,1, 6930877,0.0416258561530686,0.0573770491803279,122,0,0.0350483281720005,0.301893249686944,-0.0163172597050562
PstI.TP1125548,8, 9735387,0.0418100630931002,0.30327868852459,122,0,0.0349840961657932,0.301893249686944,-0.0106362446588414
PstI.TP812943,2,61589887,0.0420995659396626,0.0942622950819672,122,0,0.0348837545712918,0.302500783556697,-0.0115395795487386
PstI.TP30142,6,54712768,0.0426880072212531,0.10655737704918,122,0,0.0346820471347411,0.302509472531911,0.0103539002693209
NsiI.TP221891,11,   11610,0.0427682275361284,0.495901639344262,122,0,0.0346547786602475,0.302509472531911,-0.0062700862768015
PstI.TP397988,4,54041708,0.0428180471651114,0.147540983606557,122,0,0.0346378714017063,0.302509472531911,0.0113361240525882
PstI.TP727839,11,    5019,0.0429222537401015,0.30327868852459,122,0,0.0346025745588884,0.302509472531911,-0.00831544116074131
PstI.TP390327,11,    3046,0.0438990897493245,0.311475409836066,122,0,0.034276075328862,0.307920758098833,0.00695803048827487
PstI.TP365645,1,61353360,0.0441107882095894,0.114754098360656,122,0,0.0342063383694827,0.307939293993958,0.0122179915184116
NsiI.TP652621,6,56522972,0.044580097964434,0.0737704918032787,122,0,0.0340530045725345,0.309747567460431,-0.0144548724635951
PstI.TP651320,5,35481232,0.0449829703581565,0.245901639344262,122,0,0.0339227447557501,0.31107941473035,-0.0099144388266321
PstI.TP350243,9,45321870,0.0452389488538406,0.245901639344262,122,0,0.0338406249829091,0.311387718045361,0.00738042268326944
PstI.TP774975,1,61157443,0.0460021010212945,0.0614754098360656,122,0,0.033598712637405,0.315167882811008,-0.0155064816075644
PstI.TP120638,4,35323656,0.04697766268129,0.14344262295082,122,0,0.0332956355543975,0.317554205437427,0.0094694249177564
PstI.TP1077538,11,    7514,0.0470078749678586,0.180327868852459,122,0,0.0332863571664501,0.317554205437427,-0.00931326176236265
PstI.TP929497,2,60716322,0.0471486454951711,0.110655737704918,122,0,0.0332432094819739,0.317554205437427,0.0107617145316144
PstI.TP347563,6,51192256,0.0472127433746072,0.30327868852459,122,0,0.0332236083833866,0.317554205437427,0.00682690643193513
PstI.TP1133379,4,51922694,0.0475646703737252,0.0901639344262295,122,0,0.0331164935685924,0.318467088456806,0.013149229366774
NsiI.TP225884,3,62210775,0.0482919715016341,0.069672131147541,122,0,0.0328977872293716,0.319792608605049,0.0128935673723003
PstI.TP350262,8, 2905616,0.0483993177247261,0.487704918032787,122,0,0.0328658057365906,0.319792608605049,-0.0075057103556458
PstI.TP791036,11,    5476,0.0485672906338393,0.0860655737704918,122,0,0.0328159137550837,0.319792608605049,0.0126245569657683
NsiI.TP45036,3,  389776,0.0486873950623773,0.0573770491803279,122,0,0.0327803528959392,0.319792608605049,-0.0157804863822541
PstI.TP814593,7,58562479,0.0489734979435122,0.323770491803279,122,0,0.0326960193949671,0.319792608605049,0.00717209007047583
PstI.TP929514,6,55096318,0.0494970782755774,0.290983606557377,122,0,0.0325430418697126,0.319792608605049,-0.00837520951927053
PstI.TP1005240,7,57259216,0.0498195570010688,0.25,122,0,0.0324496807607267,0.319792608605049,-0.00762842911986553
PstI.TP1231136,3,52841481,0.0499832010994381,0.0860655737704918,122,0,0.032402551132603,0.319792608605049,-0.0132467315759539
PstI.TP683907,1, 4900973,0.0500927883117497,0.172131147540984,122,0,0.0323710821932489,0.319792608605049,0.00953235625087293
PstI.TP534942,3, 4552949,0.0503784950758638,0.0737704918032787,122,0,0.0322893843354216,0.319792608605049,-0.013239193159476
PstI.TP532736,2,62195730,0.050566014247177,0.471311475409836,122,0,0.0322360324625524,0.319792608605049,0.00719676980712481
PstI.TP982139,4,41445278,0.0506017856064363,0.0983606557377049,122,0,0.0322258790702615,0.319792608605049,0.0109555622250302
PstI.TP712786,1, 7449325,0.0509876552433738,0.0737704918032787,122,0,0.0321168395680834,0.319792608605049,0.0132037726419238
PstI.TP979536,5, 2060722,0.0511306928572116,0.0532786885245902,122,0,0.0320766442413538,0.319792608605049,-0.0161249733914815
PstI.TP275384,10, 6327741,0.0512006852722338,0.290983606557377,122,0,0.0320570193901054,0.319792608605049,0.00699516214756331
PstI.TP136422,3,60253262,0.0512362903128253,0.110655737704918,122,0,0.0320470472840788,0.319792608605049,0.0119795303986404
PstI.TP874561,11,    6100,0.0515754673020186,0.245901639344262,122,0,0.0319524227045025,0.320551322092293,0.00804402206914358
PstI.TP1130877,11,    7933,0.0518090090986756,0.14344262295082,122,0,0.0318876554159243,0.320649875640122,0.00835975755318848
PstI.TP1146858,3,65279133,0.052621034147692,0.0573770491803278,122,0,0.0316648711446932,0.324312900834938,0.0155096656289503
PstI.TP553319,1,77643893,0.0543722316552574,0.278688524590164,122,0,0.0311967186294383,0.332623587792684,0.00723583950823763
PstI.TP483070,10,10615158,0.0548454085499503,0.118852459016393,122,0,0.0310729975680083,0.332623587792684,-0.0115037800728258
PstI.TP145796,9,40783563,0.0550848421289637,0.118852459016393,122,0,0.0310108291753725,0.332623587792684,-0.0114922663849731
PstI.TP198015,3,67910785,0.0551142746149457,0.0614754098360656,122,0,0.0310032071348076,0.332623587792684,-0.0148955059946281
PstI.TP703969,1,80877289,0.0553201194463105,0.110655737704918,122,0,0.0309500220517359,0.332623587792684,-0.011772705084247
PstI.TP718962,4,  252030,0.0553243577795028,0.0573770491803279,122,0,0.0309489292088815,0.332623587792684,0.0153333266011249
PstI.TP845869,2, 9862801,0.0562194229019135,0.0901639344262295,122,0,0.0307201323713664,0.336630934693165,0.0105404890769741
PstI.TP1270259,3,73055182,0.0566952657000022,0.180327868852459,122,0,0.0306000859466414,0.338105774802037,0.0101199216842948
PstI.TP1126063,10, 5769848,0.0572331670619696,0.114754098360656,122,0,0.0304656810148862,0.339064900989364,0.0115306017066681
PstI.TP105678,11,     872,0.0574423750155479,0.336065573770492,122,0,0.0304137729891821,0.339064900989364,0.00664311430630173
PstI.TP778881,9,48260943,0.0575466566512837,0.0860655737704918,122,0,0.0303879748540089,0.339064900989364,-0.0128283267403962
PstI.TP866736,9,15103421,0.0587088599014105,0.0532786885245902,122,0,0.0301038171465003,0.344146263481562,-0.0134726417529162
PstI.TP580644,6,47793342,0.0588763465019373,0.184426229508197,122,0,0.0300633665440253,0.344146263481562,-0.00858526048150014
PstI.TP624280,8, 1089442,0.0608986402866652,0.331967213114754,122,0,0.0295845126685351,0.35456006775596,-0.00674513192423119
PstI.TP795074,9,  564192,0.0616204251214678,0.139344262295082,122,0,0.0294177409334943,0.355129953724442,-0.0106270649034052
PstI.TP900003,3,53586609,0.061950283525209,0.221311475409836,122,0,0.0293422257511218,0.355129953724442,0.00810071750926561
PstI.TP961085,1, 3705536,0.0619850159665983,0.397540983606557,122,0,0.029334299632632,0.355129953724442,0.00679152368787576
PstI.TP106875,3,64830008,0.0621697255589313,0.069672131147541,122,0,0.0292922283159712,0.355129953724442,-0.0128772951469769
PstI.TP546331,1,59140499,0.0623435812765148,0.0573770491803278,122,0,0.0292527522246568,0.355129953724442,-0.0138328153141386
NsiI.TP350913,11,   12980,0.0624923240691494,0.0655737704918032,122,0,0.0292190725165727,0.355129953724442,0.0140672678643368
PstI.TP1217016,3,11532831,0.0626841737734928,0.323770491803279,122,0,0.0291757596832649,0.355129953724442,0.00701344442782289
PstI.TP759501,3,57715018,0.0636587871719398,0.0655737704918032,122,0,0.028957914307326,0.358231125264552,0.0140042605874489
PstI.TP925206,10,58730377,0.0638149011715824,0.405737704918033,122,0,0.0289233546188706,0.358231125264552,-0.00612173363971186
PstI.TP671248,2,72313766,0.063961158142958,0.204918032786885,122,0,0.0288910597824962,0.358231125264552,-0.00929136486915193
PstI.TP1255957,10,57956794,0.0653524930259779,0.122950819672131,122,0,0.0285877730161302,0.364637205406308,-0.0109074966837921
NsiI.TP555948,3,67784264,0.0660034352615643,0.0655737704918032,122,0,0.0284482671476035,0.364968541425872,0.0138804789841532
NsiI.TP468762,1, 4620729,0.0660523023696227,0.110655737704918,122,0,0.0284378543618762,0.364968541425872,0.0096045034648014
PstI.TP897370,5, 3460663,0.0661551938633455,0.0614754098360656,122,0,0.0284159570767635,0.364968541425872,0.0142604455173658
PstI.TP803468,6,47699983,0.0664293378386388,0.151639344262295,122,0,0.0283577933623074,0.365113487448936,-0.00980369745707694
PstI.TP818076,11,    5661,0.0672432399171503,0.0983606557377049,122,0,0.0281866302855649,0.368212982892054,0.00986323518344643
PstI.TP256852,9, 1065898,0.0676004458166007,0.188524590163934,122,0,0.0281122168927918,0.368239596971113,-0.00708980433003175
PstI.TP197948,2,18537474,0.0677808043377577,0.233606557377049,122,0,0.0280748060555197,0.368239596971113,-0.00932940065190435
PstI.TP763524,8,54655315,0.0679980790062069,0.180327868852459,122,0,0.0280298807880548,0.368239596971113,-0.00968559831427339
PstI.TP134761,3,59529523,0.0685827543864683,0.0778688524590164,122,0,0.0279097570572516,0.369032251048406,0.0127988834211454
NsiI.TP661879,3,73421724,0.0686455103783186,0.487704918032787,122,0,0.0278969295792469,0.369032251048406,-0.00600130744143054
PstI.TP726521,1, 3535515,0.0690080423126514,0.0778688524590164,122,0,0.0278230750226237,0.369632168460129,0.0127789925992279
PstI.TP1025940,6,51870695,0.0695500345076447,0.159836065573771,122,0,0.0277134416747258,0.371185510252756,0.00845110276319467
PstI.TP776270,6,39667672,0.0701989947990363,0.10655737704918,122,0,0.0275833830741281,0.371822540405563,0.011266549859736
PstI.TP1027916,3, 9697919,0.0704033768347722,0.168032786885246,122,0,0.0275426925458042,0.371822540405563,-0.00976018899461044
PstI.TP654004,9, 2357362,0.070587805772486,0.151639344262295,122,0,0.027506084317406,0.371822540405563,-0.00965535105216409
PstI.TP284290,10, 1529382,0.0706790979725442,0.0942622950819672,122,0,0.0274880016426093,0.371822540405563,-0.0106859585262073
PstI.TP1000965,6,57296544,0.0710923508674727,0.0860655737704918,122,0,0.0274064624691563,0.372665597251912,-0.0109844652549732
PstI.TP653230,3, 4507877,0.0716882144011058,0.114754098360656,122,0,0.0272897933758987,0.374456524158968,-0.00932086734967086
PstI.TP1150194,1,16733554,0.0725672234057626,0.0614754098360656,122,0,0.0271195931394889,0.377708551507732,0.0139313606288199
NsiI.TP533643,3,  471619,0.075034248648737,0.0737704918032787,122,0,0.0266536213311878,0.386550970336233,0.0103680620405483
PstI.TP576587,6,49188679,0.0750351250333642,0.0860655737704918,122,0,0.026653458774605,0.386550970336233,-0.0108325129239366
PstI.TP1121003,2,62934564,0.0750533452248219,0.069672131147541,122,0,0.0266500796622672,0.386550970336233,0.0116048359626952
PstI.TP1216346,7, 1189753,0.0759629273518495,0.0655737704918033,122,0,0.0264825139006541,0.387122865231702,-0.0133923301954029
PstI.TP84880,1,63680478,0.0763127218245959,0.131147540983607,122,0,0.0264186543925958,0.387122865231702,-0.0102647545951081
PstI.TP673057,3,68094426,0.0763699655535404,0.102459016393443,122,0,0.0264082341581087,0.387122865231702,-0.00980216160251293
PstI.TP759675,10,59672253,0.0764516024301439,0.10655737704918,122,0,0.0263933882747853,0.387122865231702,0.0100794685017881
PstI.TP539951,4, 3227883,0.0768785937848465,0.147540983606557,122,0,0.0263160189975531,0.387122865231702,0.00814173836771442
PstI.TP243328,2,58674737,0.0769103803654545,0.430327868852459,122,0,0.0263102781120815,0.387122865231702,0.00609724471157065
PstI.TP956432,11,    6670,0.0771968376530613,0.385245901639344,122,0,0.0262586581619358,0.387122865231702,-0.00655289910800765
PstI.TP505540,3,71068246,0.0774186644085141,0.110655737704918,122,0,0.0262188278686339,0.387122865231702,-0.00955733107535974
PstI.TP742405,9, 3885435,0.0775296980606599,0.372950819672131,122,0,0.026198937796205,0.387122865231702,0.00625111873750798
PstI.TP669233,7,65085026,0.0780461762905745,0.0778688524590164,122,0,0.0261068244159299,0.388385194851406,-0.0097153373363215
PstI.TP1157898,3, 1576323,0.078836793467123,0.102459016393443,122,0,0.0259670980037151,0.388714245783232,0.00971994674882038
PstI.TP25085,11,     193,0.0789352308560457,0.290983606557377,122,0,0.0259498081154124,0.388714245783232,0.00639824738641197
PstI.TP1086009,9,47254131,0.0789358756308104,0.0737704918032787,122,0,0.0259496949424418,0.388714245783232,-0.0106988009228729
PstI.TP1230532,11,    8671,0.0791678708316154,0.163934426229508,122,0,0.0259090397012881,0.388714245783232,0.00861260766748096
PstI.TP120320,11,    1001,0.0796151868479578,0.331967213114754,122,0,0.0258310168505337,0.389611861219408,0.0088258132366744
PstI.TP301480,11,    2383,0.0801394409926519,0.0860655737704918,122,0,0.0257401806335785,0.390878796629722,-0.0111809753665777
PstI.TP882242,5,68630849,0.081226179935751,0.069672131147541,122,0,0.025553932707936,0.394871825232215,-0.0128232831276329
PstI.TP1068317,11,    7437,0.0815963657504348,0.151639344262295,122,0,0.0254911100222204,0.3953666011526,0.008429125781078
PstI.TP808266,7,57918873,0.0824303921330534,0.122950819672131,122,0,0.0253507047227678,0.397685736285133,-0.00946839737067333
PstI.TP1234552,10,60231357,0.0829441571923971,0.229508196721311,122,0,0.0252649849195136,0.397685736285133,0.00716806022765029
PstI.TP1158265,11,    8131,0.0830226618978406,0.237704918032787,122,0,0.0252519378417716,0.397685736285133,-0.00700674932816047
PstI.TP1277784,3, 3752097,0.0832524603422479,0.114754098360656,122,0,0.0252138239274342,0.397685736285133,0.0104897680087798
PstI.TP547023,2,75564773,0.0834249100557408,0.0614754098360656,122,0,0.0251852972492508,0.397685736285133,-0.0117565093713909
PstI.TP622702,1,63849924,0.0839511741652169,0.467213114754098,122,0,0.025098639640488,0.397910604609847,-0.00610143357372556
PstI.TP758217,4,53816542,0.0840123544016717,0.323770491803279,122,0,0.0250886039363825,0.397910604609847,0.00618013687505194
PstI.TP1205408,1,70741243,0.0845882557423535,0.471311475409836,122,0,0.0249945260544772,0.399354168937458,-0.0060356112219728
PstI.TP343293,10,19939931,0.0852435630685423,0.147540983606557,122,0,0.0248883256427984,0.399485955032965,0.00864174294508524
PstI.TP841981,11,    5827,0.0854302235422971,0.483606557377049,122,0,0.0248582385901424,0.399485955032965,-0.00671724840452491
PstI.TP901498,10,59750699,0.085484636513735,0.434426229508197,122,0,0.0248494815320394,0.399485955032965,0.00578528206586845
PstI.TP125348,7,63881820,0.085700992389964,0.069672131147541,122,0,0.0248147221711875,0.399485955032965,0.0118523141231211
PstI.TP885267,1, 2084430,0.0871052508424248,0.0942622950819673,122,0,0.024591427986407,0.404618433135003,0.0111378105618514
PstI.TP299726,9, 2970040,0.08735143362996,0.069672131147541,122,0,0.0245526886070141,0.404618433135003,0.0117895701919881
NsiI.TP224257,3,67274437,0.0883084245005998,0.0983606557377049,122,0,0.0244032255348265,0.407677328444153,0.0109167766796787
PstI.TP175766,7,62320486,0.0888083909399065,0.114754098360656,122,0,0.0243258456895635,0.407677328444153,0.00946337706581105
PstI.TP228545,2,63881407,0.0888421061986241,0.315573770491803,122,0,0.0243206447925868,0.407677328444153,-0.0064877051141704
PstI.TP740583,11,    5112,0.0904367927114234,0.254098360655738,122,0,0.0240770940415166,0.410096912217047,0.00602282242514888
PstI.TP391279,2,70925840,0.090470345422792,0.114754098360656,122,0,0.0240720204438474,0.410096912217047,-0.00980508355687612
PstI.TP33762,3, 2698512,0.0907190131984621,0.0778688524590164,122,0,0.0240344830271169,0.410096912217047,0.00898318458305304
PstI.TP378140,3,63771773,0.0907578953395229,0.0942622950819672,122,0,0.0240286238316306,0.410096912217047,-0.0110096218405145
PstI.TP580690,7,58775427,0.0907614347472894,0.0942622950819673,122,0,0.0240280906111002,0.410096912217047,0.0110094996822712
PstI.TP477712,1,65237054,0.0917116105995952,0.290983606557377,122,0,0.0238857649118501,0.412326747150039,0.00701640296355302
PstI.TP1200707,4,58878410,0.0918147814427785,0.0655737704918032,122,0,0.0238704087177044,0.412326747150039,0.0127147103679482
PstI.TP1116491,11,    7831,0.092677643655184,0.213114754098361,122,0,0.0237427166178742,0.41352429623134,0.00837944128009113
PstI.TP54880,8, 1461814,0.0927822180317342,0.0778688524590164,122,0,0.0237273299164907,0.41352429623134,0.0118009912867232
PstI.TP795667,8,  528900,0.0929236538035122,0.0983606557377049,122,0,0.0237065498911602,0.41352429623134,0.00939650740514288
PstI.TP140451,1, 4460094,0.09392241331841,0.209016393442623,122,0,0.0235607938546967,0.416136198813361,0.00864510286913997
PstI.TP643290,1,53455562,0.0940771327038235,0.110655737704918,122,0,0.0235383672765286,0.416136198813361,0.00819179361045041
PstI.TP150005,3,58784404,0.0945222712375872,0.237704918032787,122,0,0.023474070294998,0.416136198813361,0.00662026699781619
PstI.TP849286,3,10316458,0.094640615480296,0.25,122,0,0.0234570324549228,0.416136198813361,-0.00850934569581151
PstI.TP420086,1,68042057,0.0954479040123349,0.0573770491803278,122,0,0.0233414309942958,0.41644420451854,0.0133161080784869
PstI.TP961842,8,59838089,0.0954692030972797,0.0860655737704918,122,0,0.0233383956306054,0.41644420451854,0.00969335417123815
PstI.TP886436,11,    6196,0.0957748966883536,0.069672131147541,122,0,0.023294912850362,0.41644420451854,0.0122433679867711
PstI.TP488889,1,10576905,0.0959814757672469,0.0778688524590164,122,0,0.0232656149637316,0.41644420451854,0.0104545971947119
PstI.TP356415,3,15356034,0.0961242563043473,0.131147540983607,122,0,0.0232454058513564,0.41644420451854,0.00832126824147987
PstI.TP401102,1,12714512,0.09690993568675,0.0942622950819672,122,0,0.0231347901068616,0.418616818963586,-0.00939747450191488
PstI.TP70014,4, 5572416,0.0980432985805843,0.483606557377049,122,0,0.0229769551463443,0.421240368324391,0.0236463823140015
NsiI.TP338590,4,52709492,0.0980892371590402,0.213114754098361,122,0,0.0229706001553135,0.421240368324391,0.00611499847543952
PstI.TP450060,7, 8209747,0.100388568829654,0.0942622950819672,122,0,0.0226566512343773,0.429111350841055,-0.0101601683691109
PstI.TP443245,1, 9039678,0.100504695207172,0.0860655737704918,122,0,0.0226410068180775,0.429111350841055,-0.0104862875671257
PstI.TP1004455,3, 1576742,0.101643339299378,0.10655737704918,122,0,0.0224886609390813,0.432718609213826,0.00862544297192096
PstI.TP1179994,9,52362266,0.103110178630897,0.0573770491803278,122,0,0.0222951645039646,0.437402767825634,0.0130142430443632
PstI.TP1131586,6,52294517,0.103337517449641,0.213114754098361,122,0,0.0222654483632657,0.437402767825634,-0.00725415875815113
PstI.TP21889,1, 3705780,0.103760633683523,0.217213114754098,122,0,0.0222103339310403,0.437738686928229,-0.007232536505049
PstI.TP377200,1,56910407,0.104290032968133,0.270491803278689,122,0,0.0221417249763388,0.437738686928229,-0.00597997433546013
PstI.TP457434,4,15595824,0.104479496606942,0.0983606557377049,122,0,0.0221172646738329,0.437738686928229,-0.00873702376080386
PstI.TP446782,4,63627667,0.104605578953657,0.0942622950819672,122,0,0.0221010143160633,0.437738686928229,-0.0088339215742574
PstI.TP698300,11,    4824,0.105601895862768,0.139344262295082,122,0,0.0219733612475843,0.43962323955234,0.00918452966683606
PstI.TP446073,7,10755390,0.105652835574697,0.0942622950819672,122,0,0.0219668705372449,0.43962323955234,-0.00915719514694701
PstI.TP1127198,11,    7909,0.107006680121985,0.401639344262295,122,0,0.0217956260061068,0.443278389218611,0.0049053948397585
PstI.TP434461,2,66813498,0.107133134122081,0.438524590163934,122,0,0.0217797541074896,0.443278389218611,0.0050897311016525
PstI.TP798504,8,58863921,0.107944971310073,0.336065573770492,122,0,0.021678349333852,0.445263142326746,0.00552404863922598
PstI.TP1064081,3, 9621573,0.108217382860132,0.131147540983607,122,0,0.0216445127661403,0.445263142326746,-0.00829639658818103
PstI.TP429798,11,    3313,0.109158566351451,0.10655737704918,122,0,0.0215283317422265,0.446995251985778,0.00815749476855728
PstI.TP1008253,2,61356637,0.109245275434406,0.151639344262295,122,0,0.0215176843259011,0.446995251985778,0.00752480257470606
PstI.TP1068006,3,51034769,0.111913593699873,0.307377049180328,122,0,0.0211945495510478,0.455838847172028,-0.0065232735322941
PstI.TP888368,3,63337334,0.112025568687219,0.069672131147541,122,0,0.0211811774182707,0.455838847172028,-0.0116746913260286
PstI.TP613483,4,67835675,0.11267014421667,0.0778688524590164,122,0,0.0211044902727751,0.457198684383345,-0.0104946239293926
PstI.TP773027,3,16863797,0.113260569013917,0.331967213114754,122,0,0.0210346735312491,0.458331918015109,0.00551039431008649
PstI.TP977259,10,57435024,0.113955843630813,0.0614754098360656,122,0,0.0209529770174917,0.459882075803252,-0.0107232818771186
PstI.TP631928,11,    4437,0.11480555098577,0.217213114754098,122,0,0.0208538861268136,0.461559589877605,-0.00668187125950958
PstI.TP75872,3,55474631,0.114998214178602,0.0778688524590164,122,0,0.0208315320275755,0.461559589877605,-0.0110574417599104
PstI.TP433372,7,  840822,0.11748451061812,0.139344262295082,122,0,0.0205467527975209,0.469204207039934,-0.00727760491334692
PstI.TP515294,7,61776176,0.117980544540876,0.311475409836066,122,0,0.0204907435000088,0.469204207039934,0.00546241730833557
PstI.TP820804,2,72096898,0.117983495061092,0.114754098360656,122,0,0.0204904111327406,0.469204207039934,0.00945631350236
NsiI.TP364708,4,  663022,0.118344806707868,0.225409836065574,122,0,0.0204497805964019,0.469204207039934,0.00798389925929611
PstI.TP665587,1,70753604,0.1184955634887,0.163934426229508,122,0,0.0204328685804605,0.469204207039934,0.00845896478669866
PstI.TP1151255,1,77213117,0.119133439723445,0.0614754098360656,122,0,0.0203615766516233,0.469715635681353,0.0120714002903713
PstI.TP639463,6,60717357,0.11926248998291,0.163934426229508,122,0,0.020347205380715,0.469715635681353,-0.00741038962166344
NsiI.TP45237,11,    9692,0.119807552822478,0.450819672131147,122,0,0.0202866976901674,0.470496476634925,-0.0056039363532976
PstI.TP317655,3,70764880,0.120099575841637,0.127049180327869,122,0,0.0202544067743436,0.470496476634925,0.00809192088861514
PstI.TP1013203,4,63222160,0.121494521216158,0.0614754098360656,122,0,0.0201013628672105,0.47089792340278,0.0119940181423472
PstI.TP377002,6,61062556,0.121688174891237,0.315573770491803,122,0,0.020080272300899,0.47089792340278,0.00589506174335989
PstI.TP810140,2,59709495,0.12178766310007,0.0614754098360656,122,0,0.0200694518014349,0.47089792340278,-0.0119844940636443
PstI.TP757921,1,26848011,0.12191718658812,0.397540983606557,122,0,0.0200553794611084,0.47089792340278,0.00512542490426115
PstI.TP166501,1,18793961,0.122183679704167,0.147540983606557,122,0,0.0200264784506961,0.47089792340278,0.00861968283121826
PstI.TP109994,3,  998411,0.122260029026433,0.151639344262295,122,0,0.0200182114443995,0.47089792340278,0.00795553526556923
PstI.TP794138,11,    5493,0.12243985381077,0.102459016393443,122,0,0.0199987631122954,0.47089792340278,0.00768549889682824
PstI.TP894258,4,57750214,0.122858966457951,0.176229508196721,122,0,0.0199535595457642,0.471279316647295,0.00686652251162168
PstI.TP533375,11,    3989,0.123687768131415,0.118852459016393,122,0,0.0198646761947195,0.473226188201493,-0.00719709535587043
NsiI.TP58678,11,    9821,0.125390257437543,0.0573770491803278,122,0,0.0196841759518035,0.477194855008085,0.0106324436433292
PstI.TP474390,7,15569290,0.126039396121343,0.311475409836066,122,0,0.019616077540537,0.477194855008085,-0.00570944229737907
PstI.TP988157,6,48368305,0.126202536968558,0.118852459016393,122,0,0.0195990251295093,0.477194855008085,-0.00913621328665082
PstI.TP319342,5,71584607,0.126406338560104,0.155737704918033,122,0,0.0195777574285881,0.477194855008085,0.00661181144205025
PstI.TP385344,2,46664405,0.126793272773371,0.155737704918033,122,0,0.0195374848801343,0.477194855008085,-0.00780908025553601
PstI.TP1102757,3,60738907,0.127848439533251,0.118852459016393,122,0,0.0194283610324741,0.477194855008085,0.00806721828074646
PstI.TP787593,1,67474277,0.127980446846725,0.118852459016393,122,0,0.0194147804205258,0.477194855008085,0.00909316844890259
PstI.TP1175096,11,    8274,0.128259135497851,0.188524590163934,122,0,0.0193861613050468,0.477194855008085,0.0079808595330692
PstI.TP408924,11,    3165,0.128333234281138,0.0942622950819672,122,0,0.0193785637337597,0.477194855008085,-0.00988709587600816
PstI.TP452799,1,52828554,0.128502546120641,0.319672131147541,122,0,0.0193612222115486,0.477194855008085,0.00603006667792809
PstI.TP181796,11,    1492,0.128574831619037,0.0942622950819673,122,0,0.0193538263123305,0.477194855008085,0.00770866253068896
PstI.TP174587,8,61645695,0.128612598396612,0.0983606557377049,122,0,0.0193499640630018,0.477194855008085,-0.00884647754387
PstI.TP948861,2,68614882,0.129128853823846,0.135245901639344,122,0,0.0192972965686464,0.477363522526278,0.00777255578679705
NsiI.TP282949,9, 3514826,0.129306208749481,0.0573770491803278,122,0,0.0192792578669533,0.477363522526278,-0.012102044027823
PstI.TP448761,1,73324734,0.130039261873502,0.0942622950819673,122,0,0.0192049940899779,0.477900816350459,-0.0082348278636101
PstI.TP636509,10,  765968,0.130962015451604,0.0614754098360656,122,0,0.019112180659929,0.477900816350459,0.0116951843159679
PstI.TP461600,5,71789531,0.131088361482021,0.069672131147541,122,0,0.0190995298333503,0.477900816350459,0.0110861741384376
PstI.TP40244,11,     333,0.131299073362095,0.19672131147541,122,0,0.0190784621708139,0.477900816350459,0.00695677474704235
PstI.TP884637,6,26390736,0.131369876751295,0.127049180327869,122,0,0.0190713915812056,0.477900816350459,-0.00736268524052349
PstI.TP1062021,9,59189842,0.131991384129552,0.0942622950819672,122,0,0.0190095104466816,0.477900816350459,0.00819281036763989
PstI.TP276388,6,59032815,0.132142374542516,0.163934426229508,122,0,0.0189945265723674,0.477900816350459,-0.00715983304057742
NsiI.TP727162,5,15122057,0.13272134738449,0.14344262295082,122,0,0.0189372496173666,0.477900816350459,0.00845189847177003
PstI.TP989059,4,54451954,0.132886758373156,0.0778688524590164,122,0,0.0189209375750821,0.477900816350459,-0.0105381744017621
PstI.TP851166,1,21305923,0.133159667489594,0.0532786885245902,122,0,0.0188940746723859,0.477900816350459,0.0123756311417122
PstI.TP523933,1, 6018181,0.13330603740442,0.245901639344262,122,0,0.0188796928579943,0.477900816350459,0.00551263844776512
PstI.TP965825,3,63530528,0.133607810106074,0.0983606557377049,122,0,0.0188500979444644,0.477900816350459,-0.00959461637616619
PstI.TP12746,6,47840509,0.133669474770122,0.102459016393443,122,0,0.018844059775901,0.477900816350459,-0.00944758554896219
PstI.TP298201,6, 1375822,0.134153017109058,0.0901639344262295,122,0,0.0187968204957156,0.478468266832065,-0.0099065018431062
PstI.TP130255,1,78156903,0.134671067956194,0.479508196721312,122,0,0.018746423135644,0.479155756278923,0.00485771732532141
PstI.TP775752,10,41350986,0.135230833195935,0.0778688524590164,122,0,0.018692213639752,0.479188459034616,0.0104742858829536
NsiI.TP424155,11,   13899,0.135330888634352,0.0655737704918033,122,0,0.0186825506977478,0.479188459034616,0.0112485004187101
PstI.TP924933,11,    6475,0.136285256726853,0.0901639344262295,122,0,0.0185907862718767,0.480936964385239,0.00763414869270689
NsiI.TP502976,3, 7719502,0.136477699329959,0.069672131147541,122,0,0.018572370688353,0.480936964385239,-0.00879002147992256
PstI.TP220192,7,42063325,0.137344318214373,0.262295081967213,122,0,0.0184898035262416,0.481676398224479,-0.00691303238020933
PstI.TP890977,1,20013575,0.137671341209558,0.180327868852459,122,0,0.0184587997124477,0.481676398224479,-0.00658067574899862
PstI.TP1120910,2, 2555547,0.138055194986871,0.159836065573771,122,0,0.0184225143318864,0.481676398224479,0.00808523355806792
PstI.TP250202,2,61270945,0.138630400709067,0.315573770491803,122,0,0.0183683542457828,0.481676398224479,0.00754216752478233
PstI.TP709133,4,64107407,0.138633212397587,0.069672131147541,122,0,0.0183680901298824,0.481676398224479,0.0108718226372529
PstI.TP967109,3, 4646186,0.138649553867739,0.0860655737704918,122,0,0.0183665552145214,0.481676398224479,-0.0099731646310536
PstI.TP1032333,3, 3528771,0.139338925046886,0.110655737704918,122,0,0.0183019905420518,0.482790327582955,0.00722337227065921
PstI.TP283944,4,58233546,0.139625715920121,0.0573770491803278,122,0,0.0182752371700966,0.482790327582955,-0.0117827071394133
PstI.TP822493,7, 8114551,0.140503154426167,0.0901639344262295,122,0,0.018193770899554,0.483557438102726,-0.00974629356480821
PstI.TP933601,10, 1659429,0.140504130012197,0.10655737704918,122,0,0.0181936806425775,0.483557438102726,0.00775818074689777
NsiI.TP545621,10,43191875,0.140866414294634,0.0901639344262295,122,0,0.0181602128072592,0.483674191738918,0.00810419137211089
PstI.TP360583,2,76751283,0.14212770623579,0.102459016393443,122,0,0.0180444531555015,0.483844694962597,-0.00881225475441024
PstI.TP725292,3, 4449847,0.142474118741155,0.180327868852459,122,0,0.0180128642432715,0.483844694962597,0.0077643877624012
NsiI.TP282888,2,  675031,0.142499814177921,0.0614754098360656,122,0,0.0180105245903839,0.483844694962597,0.0113531174573222
NsiI.TP304764,3, 1836392,0.142547921480796,0.0778688524590164,122,0,0.0180061455543934,0.483844694962597,-0.00919730131130406
NsiI.TP814519,6,59730617,0.142844634014164,0.0737704918032787,122,0,0.0179791739807399,0.483844694962597,-0.0105031946321152
PstI.TP906047,3, 4276001,0.14288692621095,0.10655737704918,122,0,0.0179753347529618,0.483844694962597,0.00831818456144634
PstI.TP44125,7,55681656,0.144588814580439,0.0983606557377049,122,0,0.017821903974477,0.487709704660087,-0.00784286715610599
PstI.TP433234,11,    3320,0.144690523378451,0.163934426229508,122,0,0.0178127997969211,0.487709704660087,-0.00761969541687481
PstI.TP1199192,1,17514476,0.145241520555317,0.35655737704918,122,0,0.0177636052494514,0.487998693652667,-0.00561959677120374
PstI.TP74252,3, 4598161,0.145438850314678,0.0573770491803279,122,0,0.0177460388051245,0.487998693652667,-0.0116108572567812
PstI.TP542649,1, 9116308,0.1478796150444,0.0942622950819672,122,0,0.0175309813025375,0.494268767046489,-0.00786774996480815
PstI.TP927867,11,    6492,0.148293230241496,0.102459016393443,122,0,0.0174949389340339,0.494268767046489,0.00910311044782872
PstI.TP953364,9,41929468,0.148314185359503,0.385245901639344,122,0,0.0174931159645729,0.494268767046489,0.00454944241005352
PstI.TP357677,1,76102511,0.149256129783548,0.401639344262295,122,0,0.0174114749689102,0.495230851565142,0.00534971691209791
PstI.TP623632,8,15930657,0.149275287233485,0.069672131147541,122,0,0.0174098206520116,0.495230851565142,-0.00992763023776982
NsiI.TP810468,6,52878123,0.150217683252445,0.151639344262295,122,0,0.01732873954803,0.49645828295194,0.00795541116155806
PstI.TP909576,11,    6352,0.15050217749637,0.331967213114754,122,0,0.0173043767136343,0.49645828295194,0.00543167998436275
PstI.TP22664,10,60311066,0.150760353520067,0.0942622950819672,122,0,0.0172823132082461,0.49645828295194,-0.00847310983380388
PstI.TP606496,3,62018965,0.150993422106225,0.0819672131147541,122,0,0.017262432458948,0.49645828295194,-0.00931735010036934
PstI.TP847961,8,53109574,0.151422324857051,0.262295081967213,122,0,0.0172259386660494,0.496759653706984,-0.0053611811940854
PstI.TP869093,1,11187262,0.151934666985591,0.229508196721311,122,0,0.0171825000975105,0.497332809932833,0.00545848955608033
PstI.TP781872,9,51135280,0.152368823143546,0.0860655737704918,122,0,0.0171458215547861,0.497648063171713,0.00868823538053812
PstI.TP847369,7, 8209705,0.152986684803053,0.0614754098360656,122,0,0.0170938290388549,0.497782949452389,-0.00968555545299845
PstI.TP363146,6,59896427,0.153244415424947,0.139344262295082,122,0,0.0170722123034511,0.497782949452389,0.00809568450200366
PstI.TP1239144,1,20685889,0.153423936898428,0.163934426229508,122,0,0.0170571798382794,0.497782949452389,-0.00745633020125915
PstI.TP661203,4,57100807,0.154085048684624,0.307377049180328,122,0,0.0170019941416555,0.498664221084998,-0.00744320256702182
PstI.TP47278,3,61828317,0.154498544892502,0.0983606557377049,122,0,0.0169676157724199,0.498664221084998,-0.00910293035267035
PstI.TP1136227,9,52020995,0.154711167030444,0.0737704918032787,122,0,0.0169499792814884,0.498664221084998,0.010198143804937
PstI.TP1047233,3,61797601,0.156441920135565,0.0860655737704918,122,0,0.0168074443885966,0.503141808645605,-0.00903492885327835
PstI.TP249296,2,57415075,0.157144189888124,0.131147540983607,122,0,0.0167501251516566,0.503264301079466,-0.0081733905682828
PstI.TP632828,2,64238905,0.157163325523798,0.0901639344262295,122,0,0.0167485674236568,0.503264301079466,-0.0077828391369073
PstI.TP780884,7,54360893,0.157952749606635,0.0860655737704918,122,0,0.0166844940592191,0.503699689705436,0.0085705550603762
PstI.TP19142,11,     155,0.158440103341317,0.131147540983607,122,0,0.0166451217087951,0.503699689705436,0.00682874707071279
PstI.TP197677,1,65249144,0.158720302563885,0.319672131147541,122,0,0.016622547987972,0.503699689705436,-0.00697903268465553
PstI.TP115189,2,41366046,0.159252818902066,0.266393442622951,122,0,0.0165797729354862,0.503699689705436,0.00508501667836147
PstI.TP887215,6,51434149,0.159568555849192,0.118852459016393,122,0,0.0165544886366114,0.503699689705436,0.00772667481234407
PstI.TP857720,4,67675201,0.159730109936236,0.102459016393443,122,0,0.0165415736087768,0.503699689705436,-0.00747436948897666
PstI.TP636369,7, 5813087,0.159959227599578,0.0737704918032787,122,0,0.0165232831539868,0.503699689705436,-0.0100689623861311
NsiI.TP91904,3,61568869,0.160321308622783,0.151639344262295,122,0,0.0164944396714993,0.503699689705436,0.00678042543275132
NsiI.TP113035,7, 1804303,0.160376886946266,0.102459016393443,122,0,0.0164900189291284,0.503699689705436,0.00842414354030686
PstI.TP994751,10,60309696,0.160823505925275,0.0778688524590164,122,0,0.0164545584713142,0.504027711123256,0.00982736693018269
PstI.TP433397,11,    3321,0.161992906898349,0.377049180327869,122,0,0.0163622459809516,0.506614759790377,-0.00448385515514696
PstI.TP1068347,7,62120815,0.163580605003911,0.118852459016393,122,0,0.0162381360725991,0.510496252480427,0.0083160498310637
PstI.TP241352,6,60244644,0.164130256131317,0.0942622950819672,122,0,0.0161954937096179,0.510825068888299,-0.00820236320392096
PstI.TP698835,11,    4830,0.164379553735949,0.0901639344262295,122,0,0.0161762073474001,0.510825068888299,-0.00831406065205912
PstI.TP308152,3, 6124917,0.164818315165459,0.0778688524590164,122,0,0.0161423454762494,0.510830983000621,0.00973368693993599
PstI.TP541336,3,50804241,0.165075049496467,0.122950819672131,122,0,0.0161225800145698,0.510830983000621,0.00785157483465189
PstI.TP417865,1, 2030761,0.16635666378434,0.344262295081967,122,0,0.0160244398611517,0.513717747912648,0.0075936304057144
PstI.TP716056,7,12018520,0.168872292824769,0.200819672131148,122,0,0.0158343244862178,0.520395161780094,0.00561291492369687
PstI.TP114435,6,51935989,0.169402862553283,0.39344262295082,122,0,0.0157946463217467,0.520940326807905,-0.00466067884602612
PstI.TP205765,8,46363312,0.171003338909473,0.0532786885245902,122,0,0.0156758239265902,0.524125558685633,0.0112724866934243
PstI.TP195822,7,60945564,0.171404622462422,0.237704918032787,122,0,0.015646234191067,0.524125558685633,0.00695809569779894
PstI.TP897375,11,    6255,0.171819035348559,0.0614754098360656,122,0,0.0156157606538124,0.524125558685633,-0.00984923692051032
PstI.TP1046316,3,72119163,0.171861944905065,0.0901639344262295,122,0,0.0156126102107573,0.524125558685633,-0.00902850590037456
PstI.TP207910,11,    1698,0.172689500554925,0.377049180327869,122,0,0.0155520288081454,0.525561227928522,-0.00483544351871118
PstI.TP349853,6,46386872,0.174338253314692,0.258196721311475,122,0,0.015432331464785,0.52686874813021,-0.00690571989618595
PstI.TP1168534,7, 5203859,0.174829356087179,0.147540983606557,122,0,0.0153969324499897,0.52686874813021,0.00755798619397015
NsiI.TP774307,3, 3883631,0.175250876349834,0.114754098360656,122,0,0.0153666411970639,0.52686874813021,0.00818909672920424
PstI.TP154327,3, 6603820,0.175626512256713,0.200819672131147,122,0,0.0153397186989791,0.52686874813021,0.00606056769571623
PstI.TP1087906,11,    7591,0.175743846778949,0.258196721311475,122,0,0.0153313228705141,0.52686874813021,0.00569743542657103
PstI.TP117569,4,64900260,0.176299987381591,0.0737704918032787,122,0,0.0152916170902455,0.52686874813021,0.00968641904398901
PstI.TP690744,2,58500961,0.176426217094493,0.188524590163934,122,0,0.0152826252178208,0.52686874813021,-0.00626523769261166
NsiI.TP472754,4, 5966031,0.176784117769778,0.0942622950819672,122,0,0.0152571711739734,0.52686874813021,-0.00877293601993392
PstI.TP410821,2, 8615723,0.176835454385656,0.0655737704918032,122,0,0.0152535250202347,0.52686874813021,0.00895670479354676
PstI.TP790783,11,    5472,0.17773036141829,0.0819672131147541,122,0,0.0151901623868322,0.52686874813021,0.00830772556146609
PstI.TP692281,2,56248202,0.178095888926772,0.0614754098360656,122,0,0.0151643887118873,0.52686874813021,0.00912257217418129
PstI.TP288904,1,62080065,0.1784408334222,0.102459016393443,122,0,0.0151401229256132,0.52686874813021,-0.00772651988062368
PstI.TP720409,1,58165134,0.179051326835754,0.307377049180328,122,0,0.0150973105345215,0.52686874813021,0.00491276370502568
PstI.TP409444,11,    3169,0.179058592053323,0.0655737704918033,122,0,0.0150968020697071,0.52686874813021,-0.00891057298169577
PstI.TP879675,6,26700655,0.179560421824499,0.282786885245902,122,0,0.0150617391287552,0.52686874813021,0.00512565226094825
PstI.TP891020,1, 4033768,0.179836537253907,0.0655737704918033,122,0,0.0150424956861192,0.52686874813021,0.00943731716583481
PstI.TP308255,10,53225710,0.180119209262905,0.389344262295082,122,0,0.0150228310301457,0.52686874813021,0.00498028685077252
PstI.TP1244481,2,75457518,0.180233449582591,0.0532786885245902,122,0,0.0150148939019465,0.52686874813021,0.0101898029496044
PstI.TP1065040,8,41491760,0.18092785025643,0.0573770491803278,122,0,0.0149667749065787,0.52686874813021,0.0106629576919343
PstI.TP254032,11,    2066,0.181168416556978,0.475409836065574,122,0,0.0149501550453486,0.52686874813021,-0.00420232697793416
PstI.TP1109485,10,54131399,0.181490146764311,0.172131147540984,122,0,0.0149279681717512,0.52686874813021,0.006473244421772
PstI.TP1199069,4,57736484,0.181561878334291,0.0655737704918033,122,0,0.0149230277567239,0.52686874813021,-0.0100532160861878
PstI.TP822327,1,56871868,0.181630155276171,0.221311475409836,122,0,0.0149183273958757,0.52686874813021,0.00519227386025784
PstI.TP1166626,7, 5373971,0.181703546537778,0.168032786885246,122,0,0.0149132772574875,0.52686874813021,0.00718193675369704
PstI.TP839365,4,59601391,0.182931546267188,0.0860655737704918,122,0,0.0148291297186344,0.528259170996111,0.00896142276039934
PstI.TP884326,11,    6177,0.183184578391839,0.25,122,0,0.0148118731244723,0.528259170996111,-0.00488243658642104
PstI.TP411298,1,77771698,0.183258952056356,0.0901639344262295,122,0,0.0148068062086113,0.528259170996111,-0.00879242806501068
NsiI.TP39913,2,76409395,0.184412451622081,0.0860655737704918,122,0,0.0147285279833809,0.530545978983058,-0.0089309736065201
PstI.TP1009563,10,56175139,0.185530961470465,0.0655737704918032,122,0,0.0146531706487489,0.532610197195832,0.00832589501830842
PstI.TP384804,2,65029446,0.186020863235005,0.422131147540984,122,0,0.0146203322343718,0.532610197195832,-0.00559061607105314
PstI.TP501971,10, 8186495,0.186531848893162,0.0942622950819673,122,0,0.0145861885785362,0.532610197195832,0.00669216323928782
PstI.TP1134573,9,45626034,0.186601917826979,0.0901639344262295,122,0,0.0145815151940539,0.532610197195832,-0.00872528165460687
NsiI.TP39896,11,    9611,0.186937862831124,0.147540983606557,122,0,0.0145591372876669,0.532610197195832,0.00549615849274891
PstI.TP334179,6,58406668,0.18768298512903,0.0778688524590164,122,0,0.014509671552752,0.533700843812859,-0.00922832425862497
PstI.TP846064,10,19421525,0.189077218611034,0.102459016393443,122,0,0.0144177312192366,0.53522600014012,0.00724270238393796
PstI.TP258621,1,74361721,0.189658928166806,0.0860655737704918,122,0,0.0143796069592455,0.53522600014012,0.00835694229378771
PstI.TP14467,10, 3103147,0.189792711421913,0.463114754098361,122,0,0.0143708585015333,0.53522600014012,0.0114412448898808
PstI.TP413714,11,    3202,0.189996617091365,0.327868852459016,122,0,0.0143575385049828,0.53522600014012,0.00468670190040045
PstI.TP778311,4, 4451472,0.190285733361191,0.172131147540984,122,0,0.014338681019462,0.53522600014012,0.00700123138709478
PstI.TP115576,3,61364669,0.190399473233824,0.0942622950819673,122,0,0.0143312716337803,0.53522600014012,0.00686094623014669
PstI.TP43035,3,67960309,0.190968634263687,0.114754098360656,122,0,0.0142942728165043,0.535338218334446,-0.00789818967161502
PstI.TP723879,10,51006962,0.191166261265389,0.127049180327869,122,0,0.0142814562858005,0.535338218334446,0.00762560266457514
NsiI.TP441693,3, 2660294,0.192695511834921,0.118852459016393,122,0,0.014182806419868,0.537635759101954,-0.00665978319967547
PstI.TP204888,11,    1673,0.192716687580334,0.262295081967213,122,0,0.0141814468917181,0.537635759101954,-0.00504656082390137
PstI.TP998613,4,57808215,0.193219151404321,0.114754098360656,122,0,0.0141492392777325,0.538018544458534,-0.00671154875072043
PstI.TP28134,3,56267653,0.193959609928477,0.10655737704918,122,0,0.0141019561814423,0.53879861925552,-0.00805576628633624
PstI.TP196680,11,    1602,0.194339855684323,0.0860655737704918,122,0,0.0140777578096541,0.53879861925552,-0.00787261789802168
PstI.TP841498,5,69228848,0.194740583086073,0.0983606557377049,122,0,0.0140523164933075,0.53879861925552,0.00612388882870478
PstI.TP1137764,1, 7486769,0.195249227811122,0.0614754098360656,122,0,0.0140201127313917,0.53879861925552,0.0100167700157889
PstI.TP273553,5,52197136,0.195328216349252,0.102459016393443,122,0,0.0140151206393189,0.53879861925552,-0.0077662899630567
PstI.TP1068412,11,    7438,0.195778870513616,0.135245901639344,122,0,0.0139866848025276,0.539032292087022,0.00710665164209075
PstI.TP945766,6,54258844,0.19620571553219,0.0942622950819672,122,0,0.0139598226213303,0.539199662274097,-0.00797522593376106
PstI.TP652837,1,78182401,0.197256538753647,0.348360655737705,122,0,0.013893986001023,0.540356409082136,0.00452882134610392
PstI.TP1206334,3,61963148,0.197360317777454,0.110655737704918,122,0,0.0138875065360021,0.540356409082136,0.00695572066216265
PstI.TP1254873,7,56573089,0.199691979113775,0.39344262295082,122,0,0.0137429844251756,0.543965873449848,0.00411372945665418
PstI.TP90991,9,51173645,0.199951776248874,0.0860655737704918,122,0,0.013727005572679,0.543965873449848,0.00816510549921636
NsiI.TP820289,8,57687842,0.200164230267474,0.352459016393443,122,0,0.0137139568697718,0.543965873449848,0.00451361939544625
PstI.TP96953,11,     798,0.200461235521902,0.434426229508197,122,0,0.0136957426543075,0.543965873449848,-0.00963095464318564
NsiI.TP267317,1,63808055,0.200525097951981,0.450819672131147,122,0,0.0136918303973619,0.543965873449848,0.00484922227301978
PstI.TP475981,11,    3612,0.202590282940893,0.258196721311475,122,0,0.0135661078343966,0.5460644856956,-0.00535941304775686
PstI.TP743824,4,68341653,0.202767099271172,0.102459016393443,122,0,0.0135554146275453,0.5460644856956,-0.00801290510755989
PstI.TP308387,1,12249163,0.203062504143379,0.331967213114754,122,0,0.0135375743441902,0.5460644856956,0.00480426131546162
PstI.TP541575,2,74276308,0.203794780550641,0.127049180327869,122,0,0.0134934830876438,0.5460644856956,-0.00569843744846513
NsiI.TP375218,1, 7321465,0.204328364960751,0.118852459016393,122,0,0.013461473946989,0.5460644856956,-0.00757173319503405
PstI.TP1107212,3,  326411,0.204368122716671,0.336065573770492,122,0,0.0134590929091795,0.5460644856956,-0.00480495850065974
NsiI.TP173516,1,15009936,0.204397333515764,0.118852459016393,122,0,0.013457343865835,0.5460644856956,0.00671406281975046
NsiI.TP457948,4,10479967,0.20460753966666,0.118852459016393,122,0,0.0134447662112106,0.5460644856956,-0.00756703290010596
PstI.TP797211,9,47975853,0.204635163682261,0.282786885245902,122,0,0.0134431144767474,0.5460644856956,-0.00431502765883851
PstI.TP338468,11,    2668,0.205492661775584,0.221311475409836,122,0,0.0133919734750728,0.54736110451254,0.00547266986924788
PstI.TP110030,1,60421130,0.206698699657803,0.459016393442623,122,0,0.0133204746623928,0.549579755588346,-0.00408429681220952
NsiI.TP503474,7,60458156,0.207155739406931,0.0778688524590164,122,0,0.0132935094468517,0.549802529993531,0.00753553152768874
PstI.TP44348,2,61688094,0.207577995434385,0.127049180327869,122,0,0.0132686595084831,0.549932351213758,0.00735023881377092
PstI.TP1148558,2,62049812,0.208339374019681,0.0901639344262295,122,0,0.0132240042841691,0.550958524113089,0.00666435166152288
PstI.TP46032,11,     392,0.209067486520607,0.0737704918032787,122,0,0.0131814821761257,0.551893203664612,0.0089932914745729
PstI.TP944343,8,51918904,0.209988601839296,0.110655737704918,122,0,0.0131279416295377,0.553333113612313,-0.00702788076158353
PstI.TP424566,1, 8533790,0.210691517633155,0.131147540983607,122,0,0.0130872727939603,0.553650146901613,-0.00645119507814881
NsiI.TP435960,10,45929366,0.211521132989237,0.0942622950819673,122,0,0.0130394819670736,0.553650146901613,0.0067854336072348
PstI.TP865711,11,    6040,0.211678357692086,0.467213114754098,122,0,0.0130304501877019,0.553650146901613,-0.00388039544433155
PstI.TP312460,9,59408883,0.211815764694927,0.0614754098360656,122,0,0.013022563416723,0.553650146901613,0.00965384207899706
PstI.TP647641,8,61103675,0.21198824362017,0.459016393442623,122,0,0.0130126722911307,0.553650146901613,-0.00454992371911585
PstI.TP574132,1,19943823,0.214439639224257,0.069672131147541,122,0,0.0128731271778493,0.55906121872094,-0.00853670894174661
PstI.TP951624,2,59246898,0.215250555181122,0.0942622950819673,122,0,0.012827386955466,0.559535236683003,0.00804409240367303
PstI.TP458650,3,63973238,0.215551695420001,0.102459016393443,122,0,0.0128104536465403,0.559535236683003,0.00657761434775741
PstI.TP1239800,11,    8727,0.215761041708042,0.377049180327869,122,0,0.0127986987167907,0.559535236683003,0.00445834758989864
PstI.TP747907,11,    5165,0.21621809198102,0.331967213114754,122,0,0.0127730826309823,0.559735060611674,-0.00416809397335727
PstI.TP115586,3, 5715154,0.217345884784822,0.168032786885246,122,0,0.0127101514263747,0.561100868329345,0.00567007860289005
PstI.TP1106149,1,10181736,0.217666863689426,0.184426229508197,122,0,0.012692312515988,0.561100868329345,-0.0064864672107962
PstI.TP949077,4, 7122037,0.218123661732098,0.14344262295082,122,0,0.0126669797874398,0.561100868329345,0.00584072137330025
PstI.TP1150046,4,55510631,0.218487138202304,0.155737704918033,122,0,0.0126468680215304,0.561100868329345,0.00650211106683409
PstI.TP1196894,7,  124663,0.21865030442705,0.266393442622951,122,0,0.0126378528651733,0.561100868329345,-0.0045149778347774
PstI.TP388391,3,69918190,0.219228038350306,0.176229508196721,122,0,0.0126059973406554,0.561605044330435,0.00630619991250444
PstI.TP1248247,3,62346879,0.220179780181458,0.069672131147541,122,0,0.0125537395999622,0.563063917026541,0.00898787276502328
PstI.TP1173447,1, 7571007,0.222376017557576,0.135245901639344,122,0,0.0124341833178204,0.567694755393951,-0.00623913302183416
PstI.TP459190,10,53216840,0.223207552384152,0.418032786885246,122,0,0.0123892890115963,0.568315909230131,0.0042453068874254
PstI.TP513006,1,73971974,0.223535716490804,0.241803278688525,122,0,0.0123716271711173,0.568315909230131,-0.00581326177347364
PstI.TP1099085,10, 7953720,0.223776800647302,0.0614754098360656,122,0,0.0123586719648373,0.568315909230131,0.00940454637093416
PstI.TP424159,1,63417435,0.224424226847494,0.122950819672131,122,0,0.0123239644791502,0.568871230170648,-0.00534440101931694
NsiI.TP260145,9,55098373,0.224767858763963,0.360655737704918,122,0,0.0123055921336938,0.568871230170648,-0.00394285687662119
PstI.TP297282,2, 5214604,0.225855296114475,0.110655737704918,122,0,0.01224767557468,0.569976150799476,-0.00678817301368989
PstI.TP494133,11,    3744,0.225978324553221,0.114754098360656,122,0,0.0122411444074279,0.569976150799476,-0.00730899283644209
PstI.TP396501,3,62733946,0.226937359948627,0.114754098360656,122,0,0.0121903798142666,0.571122157514662,-0.00584679830812637
PstI.TP617554,7, 3245920,0.22720813598343,0.0901639344262295,122,0,0.0121760939374839,0.571122157514662,0.00756472007927907
PstI.TP1175461,11,    8280,0.229881107548852,0.262295081967213,122,0,0.0120361708210084,0.574827655271427,-0.00456299086944391
PstI.TP1134151,11,    7953,0.230076814969288,0.0901639344262295,122,0,0.0120260038241352,0.574827655271427,0.00686385584520943
PstI.TP269037,10,15276368,0.230250690373898,0.0573770491803279,122,0,0.0120169798233476,0.574827655271427,-0.00955457202193453
PstI.TP264010,1,57283338,0.230290406987248,0.418032786885246,122,0,0.012014919724794,0.574827655271427,-0.00383982985036045
NsiI.TP60459,4,59680771,0.230965334596623,0.10655737704918,122,0,0.0119799772416102,0.574827655271427,0.0074249780491574
PstI.TP915538,11,    6398,0.231023741969236,0.0860655737704918,122,0,0.0119769592092692,0.574827655271427,0.00641688883124147
PstI.TP476886,2,55394288,0.232240597451378,0.200819672131148,122,0,0.0119142922981749,0.576880944428127,-0.00618534777733566
PstI.TP876546,9,44646384,0.234591725925259,0.0860655737704918,122,0,0.0117943378751626,0.580610127034911,-0.00799200811648872
PstI.TP607895,1,58398018,0.234856847303314,0.450819672131148,122,0,0.0117809035160515,0.580610127034911,-0.00407424069314753
PstI.TP982467,3,55023479,0.235265823823984,0.176229508196721,122,0,0.0117602159549066,0.580610127034911,0.00514397966717479
PstI.TP994295,1,15000089,0.235318564724944,0.233606557377049,122,0,0.0117575513222695,0.580610127034911,0.00567525628644513
PstI.TP1010078,3,67023433,0.235807881604603,0.418032786885246,122,0,0.0117328642797283,0.580844497664851,-0.00419666217797161
PstI.TP774033,7,64851531,0.238150906637673,0.0737704918032787,122,0,0.0116155162399321,0.583152943630507,0.00844220325470724
PstI.TP633023,11,    4448,0.238152265069286,0.0778688524590164,122,0,0.0116154486147937,0.583152943630507,-0.00825680540189864
PstI.TP9255,11,      64,0.238343782631715,0.102459016393443,122,0,0.0116059192579454,0.583152943630507,-0.00551875312934173
PstI.TP1050629,4,60884477,0.23859325118322,0.245901639344262,122,0,0.0115935204908112,0.583152943630507,-0.00424784786354308
NsiI.TP751924,2,67349192,0.238790533041867,0.368852459016393,122,0,0.0115837266857296,0.583152943630507,-0.00414078573390588
PstI.TP853014,3,11408141,0.239120419519909,0.0901639344262295,122,0,0.0115673720353316,0.583152943630507,0.00737320347617748
PstI.TP283938,4,58233574,0.24004433722373,0.172131147540984,122,0,0.0115217142203679,0.584438526827363,0.00568696041155006
PstI.TP334931,2,51848838,0.24140939827736,0.127049180327869,122,0,0.0114546494469683,0.586175003914738,-0.00608531082092047
PstI.TP721827,2,58288607,0.241553446962828,0.180327868852459,122,0,0.0114475995833268,0.586175003914738,0.00531651238739076
PstI.TP156491,8,62158572,0.242411117955308,0.10655737704918,122,0,0.0114057311465856,0.587246065101975,-0.00724483906636131
PstI.TP1281337,4,63140625,0.242833601980296,0.299180327868852,122,0,0.0113851738896533,0.587246065101975,-0.00509331989188504
PstI.TP805017,6,44960916,0.243190834835169,0.0737704918032787,122,0,0.0113678259294271,0.587246065101975,0.00835170706798844
PstI.TP930653,9,56906789,0.244262210282024,0.180327868852459,122,0,0.0113159852605347,0.58832985739827,0.00480572162346554
PstI.TP1094441,4,53080201,0.244817821064616,0.278688524590164,122,0,0.011289211055573,0.58832985739827,-0.00594251009254197
PstI.TP867146,11,    6048,0.245291725858088,0.110655737704918,122,0,0.011266433268477,0.58832985739827,-0.00651057416110101
PstI.TP1185472,6,45032097,0.245366777062583,0.0819672131147541,122,0,0.0112628309791626,0.58832985739827,-0.00796339334216777
PstI.TP792995,4,59703546,0.246118791230444,0.0532786885245902,122,0,0.011226810840676,0.58832985739827,-0.00881115527114699
PstI.TP53152,6,56671658,0.246381360149387,0.0573770491803278,122,0,0.0112142662229038,0.58832985739827,-0.00922994266832789
PstI.TP271772,7,57259256,0.246435520716044,0.204918032786885,122,0,0.0112116806742312,0.58832985739827,0.00461749420101852
PstI.TP339012,4,23730556,0.24789695421486,0.0901639344262295,122,0,0.0111421776311186,0.590861186987845,0.00762716543686911
PstI.TP701371,1, 9558859,0.249972441751488,0.0901639344262295,122,0,0.011044336898497,0.594845568174382,-0.00759360409310206
PstI.TP907836,3,63143644,0.250584165885258,0.0901639344262295,122,0,0.0110156912265464,0.595339477982234,-0.00631182716472693
PstI.TP8678,2, 2984246,0.251466913499866,0.459016393442623,122,0,0.0109745064829052,0.596272523094953,0.00356760407991554
NsiI.TP28119,11,    9435,0.251841642665345,0.348360655737705,122,0,0.0109570775745851,0.596272523094953,0.00609398038271908
PstI.TP436494,1,71906250,0.252435360323837,0.319672131147541,122,0,0.0109295291071547,0.596272523094953,0.00444284984602636
PstI.TP833228,2,23342056,0.25259609939664,0.0655737704918033,122,0,0.0109220846474768,0.596272523094953,-0.00860061115575952
PstI.TP1027534,10,53709062,0.254153280550207,0.163934426229508,122,0,0.0108502685474771,0.598988451600727,0.00512551337917665
PstI.TP999740,1,  569491,0.255423554496217,0.102459016393443,122,0,0.010792088141891,0.601020600276243,0.00714967562119328
PstI.TP242731,3,28459042,0.256197948707493,0.0737704918032787,122,0,0.0107567960588493,0.601881305336742,-0.00723560639562815
PstI.TP397160,7,58561163,0.25703169376189,0.311475409836066,122,0,0.0107189473013891,0.602878479158064,-0.00429702361434322
PstI.TP79115,4,60133712,0.257619198103115,0.237704918032787,122,0,0.010692368653351,0.603295832759759,0.00465655575935806
PstI.TP870602,9,49267255,0.260301419607986,0.0983606557377049,122,0,0.0105719785907704,0.608058986791896,0.0060405425341564
PstI.TP510044,1,31327463,0.260478764878266,0.442622950819672,122,0,0.0105640731852188,0.608058986791896,0.00387046067476975
PstI.TP969397,6,60888114,0.261611174002017,0.0983606557377049,122,0,0.0105137526833513,0.608780040434271,0.00716555259013872
PstI.TP706641,3,74303182,0.261859988301839,0.0819672131147541,122,0,0.0105027327048618,0.608780040434271,-0.00726762607919869
PstI.TP483021,11,    3661,0.262035427549778,0.0573770491803279,122,0,0.0104949703796197,0.608780040434271,0.00892902792242257
PstI.TP949988,6,50576836,0.26255505692282,0.0819672131147541,122,0,0.0104720174493227,0.608780040434271,0.00725699120709165
PstI.TP330321,6,48212587,0.262854111144736,0.192622950819672,122,0,0.0104588334792135,0.608780040434271,0.0053122593205442
PstI.TP881035,8,62310101,0.263275246513715,0.114754098360656,122,0,0.0104402993218138,0.608798176004243,-0.00645730800551011
PstI.TP357347,6,53284826,0.264357081155764,0.147540983606557,122,0,0.0103928576503641,0.610341662292227,-0.00577129078915163
PstI.TP230539,6,60169420,0.265048035060959,0.286885245901639,122,0,0.0103626845053165,0.610979273309535,0.00442459797760097
PstI.TP116867,3,62167764,0.266626222822726,0.0901639344262295,122,0,0.0102941357638744,0.61365691596543,-0.00733116633913255
PstI.TP896979,1,28970255,0.267127207295918,0.495901639344262,122,0,0.010272481997897,0.613850821133989,0.0312273030049326
PstI.TP280696,11,    2260,0.268857527442612,0.147540983606557,122,0,0.0101980845154259,0.614651022974185,0.00506834710858842
PstI.TP117081,2,45986549,0.26925170047884,0.127049180327869,122,0,0.010181220793487,0.614651022974185,0.00554969476434686
NsiI.TP499370,4,52358612,0.269864569211228,0.131147540983607,122,0,0.01015506241338,0.614651022974185,0.00588497639380289
NsiI.TP557652,10,55121411,0.26986845950206,0.180327868852459,122,0,0.0101548966077716,0.614651022974185,0.0056329963482828
NsiI.TP509280,1,58994548,0.269968136005145,0.168032786885246,122,0,0.0101506493865673,0.614651022974185,0.00481499193230017
PstI.TP778226,4, 7580398,0.269979098346434,0.0860655737704918,122,0,0.0101501824013035,0.614651022974185,-0.0070211915077178
PstI.TP1292760,3,66753576,0.270496673479046,0.372950819672131,122,0,0.0101281613750248,0.614879012399127,-0.00449840569137751
PstI.TP827144,3,65732872,0.271185362501293,0.102459016393443,122,0,0.0100989423379886,0.61549466712543,-0.00564129288432026
PstI.TP884163,3,60121398,0.271666251924152,0.10655737704918,122,0,0.0100785951053676,0.615500791487118,0.00681031463552146
PstI.TP1165391,2,69968329,0.272023771390437,0.270491803278688,122,0,0.0100634973190178,0.615500791487118,0.00434031510454585
PstI.TP1020853,1,66882875,0.273612872174875,0.221311475409836,122,0,0.00999669294867378,0.61703385748026,0.00497032268177073
PstI.TP76191,2,58722393,0.274236934648976,0.0778688524590164,122,0,0.00997059200268546,0.61703385748026,-0.00624876092698713
PstI.TP51516,10, 8861492,0.274366026679092,0.0983606557377049,122,0,0.0099652022097948,0.61703385748026,-0.00586463336830074
PstI.TP847969,11,    5876,0.275251780871258,0.0819672131147541,122,0,0.0099283070158982,0.61703385748026,0.00641402213476263
PstI.TP921434,3,71315794,0.275300532159778,0.0860655737704918,122,0,0.00992628069898949,0.61703385748026,-0.00733183039299416
PstI.TP708344,1,57964831,0.275571717073745,0.459016393442623,122,0,0.00991501736249945,0.61703385748026,-0.00343358374567857
NsiI.TP441858,10,60928769,0.275899898745344,0.233606557377049,122,0,0.00990140551202101,0.61703385748026,0.00536653943317558
PstI.TP743016,3,63741878,0.27605248613679,0.381147540983607,122,0,0.00989508370038639,0.61703385748026,-0.00649170432410534
NsiI.TP763660,1,66404152,0.277002879917416,0.0819672131147541,122,0,0.00985580770437566,0.618220063815687,-0.00669186304211787
PstI.TP539634,6,55893141,0.278102802597735,0.385245901639344,122,0,0.0098105652861108,0.619321167262738,0.00407682094199328
PstI.TP710636,6,45894338,0.278337143739262,0.200819672131147,122,0,0.00980095565261629,0.619321167262738,0.0056100174228736
PstI.TP702632,6,57893518,0.280111993694543,0.0737704918032787,122,0,0.00972850682233584,0.620651875590665,0.00772608780982207
PstI.TP108652,2,15963619,0.280262364792723,0.385245901639344,122,0,0.00972239557356624,0.620651875590665,0.00373620862048468
PstI.TP934142,4,  194652,0.280296662961205,0.213114754098361,122,0,0.0097210022426012,0.620651875590665,0.00553852726372495
PstI.TP179275,9,52171543,0.280640515502441,0.0901639344262295,122,0,0.00970704554499546,0.620651875590665,0.00711904374030234
PstI.TP682522,2,77263024,0.281129337019549,0.151639344262295,122,0,0.00968724212792826,0.620651875590665,0.00467231622817033
PstI.TP706479,2,14264983,0.282108632341468,0.069672131147541,122,0,0.00964770008543026,0.620651875590665,0.00739027061666492
PstI.TP262789,3,72159095,0.282476392070405,0.0819672131147541,122,0,0.0096328958550298,0.620651875590665,-0.00736466195044818
PstI.TP314157,11,    2482,0.282722803252731,0.188524590163934,122,0,0.00962299028514924,0.620651875590665,-0.00440668539348559
PstI.TP82277,11,     687,0.282727364916047,0.114754098360656,122,0,0.00962280701313556,0.620651875590665,-0.00519469892934943
PstI.TP460957,2,63153566,0.285560943554546,0.0819672131147541,122,0,0.00950968807869945,0.623428725377711,0.00627734490215798
PstI.TP98333,5,16130526,0.286522094540636,0.127049180327869,122,0,0.00947164378386112,0.623428725377711,-0.00621012873603134
PstI.TP346744,3,52014149,0.286710070527226,0.258196721311475,122,0,0.0094642224250352,0.623428725377711,-0.00494311522848921
PstI.TP1020623,11,    7079,0.287096917409179,0.163934426229508,122,0,0.00944896917489257,0.623428725377711,-0.00466464354072709
PstI.TP720017,11,    4972,0.287198619919933,0.0655737704918032,122,0,0.00944496345021428,0.623428725377711,0.00637193566106389
PstI.TP863331,1,  161269,0.287384237174711,0.069672131147541,122,0,0.00943765728860679,0.623428725377711,-0.00779296021694741
NsiI.TP489646,11,   15049,0.289434167481789,0.344262295081967,122,0,0.00935736963200029,0.623428725377711,0.00335724657509661
PstI.TP1036644,7,62276526,0.289562244673552,0.176229508196721,122,0,0.00935237760389185,0.623428725377711,0.00470097210486076
PstI.TP1177553,4,67453726,0.289811420872777,0.475409836065574,122,0,0.00934267366011587,0.623428725377711,0.00360441703858571
PstI.TP1164337,4, 7965976,0.290460022578586,0.110655737704918,122,0,0.00931746466450423,0.623428725377711,0.0054976284070623
PstI.TP813929,6,48009958,0.290483616570524,0.430327868852459,122,0,0.00931654900917689,0.623428725377711,0.00368397060022314
PstI.TP1181821,9,51786135,0.290645705329003,0.0614754098360656,122,0,0.00931026111845468,0.623428725377711,0.00714802042235369
PstI.TP83264,6,56897554,0.290756501183553,0.0614754098360656,122,0,0.00930596562262664,0.623428725377711,0.0081607988173253
PstI.TP1025772,1,79665639,0.292266545096927,0.418032786885246,122,0,0.00924763125610284,0.623428725377711,-0.00500756671951893
NsiI.TP216880,9,57840413,0.292649648471985,0.0614754098360656,122,0,0.0092328933413216,0.623428725377711,0.00812869557025548
PstI.TP791712,1,21320307,0.292844376937284,0.118852459016393,122,0,0.00922541170321667,0.623428725377711,-0.00626818597138786
PstI.TP447781,9,12669967,0.293166803433929,0.0778688524590164,122,0,0.00921303788765282,0.623428725377711,0.00735352348566139
PstI.TP898033,11,    6259,0.293454655505078,0.069672131147541,122,0,0.0092020057605281,0.623428725377711,-0.00618724787443641
PstI.TP673993,7,55674206,0.293836115586255,0.258196721311475,122,0,0.00918740753317027,0.623428725377711,0.00391388324656735
PstI.TP387467,6,55340504,0.294112630676075,0.459016393442623,122,0,0.00917684076348868,0.623428725377711,0.0038209157982397
PstI.TP1207922,10,55463410,0.29495693080603,0.290983606557377,122,0,0.00914465582403778,0.623428725377711,0.00538590747026132
PstI.TP332893,2,63934460,0.295104684473509,0.10655737704918,122,0,0.00913903565073415,0.623428725377711,0.0057025997509156
PstI.TP432405,2,72662195,0.295165227987871,0.0532786885245902,122,0,0.00913673377972635,0.623428725377711,-0.00860597397440644
PstI.TP789303,3, 2503265,0.295582324674882,0.0573770491803279,122,0,0.00912089228418456,0.623428725377711,0.00772406421504356
PstI.TP799542,5, 1321222,0.295755330672523,0.0983606557377049,122,0,0.00911432992539907,0.623428725377711,-0.00607145346528924
PstI.TP781859,4,66322904,0.296093071865268,0.0983606557377049,122,0,0.00910153322396268,0.623428725377711,0.00666696367287053
PstI.TP669832,2,76707459,0.296143517335775,0.139344262295082,122,0,0.00909962351224236,0.623428725377711,-0.00513233916368855
PstI.TP856852,1, 1153760,0.296435377416476,0.188524590163934,122,0,0.00908858283430902,0.623428725377711,0.00546451774970977
PstI.TP930028,11,    6509,0.296583053589607,0.0573770491803279,122,0,0.00908300179883881,0.623428725377711,-0.00647558457877029
NsiI.TP422015,11,   13841,0.296689434141056,0.209016393442623,122,0,0.00907898365155446,0.623428725377711,0.00489456106880174
PstI.TP45420,8,59829645,0.297767096351711,0.0901639344262295,122,0,0.00903838366592935,0.624801898755085,0.00686947447119071
PstI.TP210723,6,53519176,0.29821297221763,0.389344262295082,122,0,0.00902164131039007,0.62484737990977,-0.00341049774432935
NsiI.TP675233,9,58409914,0.2998644647445,0.102459016393443,122,0,0.00895991046964695,0.626446129802574,0.00651456514924466
PstI.TP361031,6,48622395,0.300835403394746,0.340163934426229,122,0,0.00892382356706445,0.626446129802574,0.0056272162613613
PstI.TP231608,1,46403489,0.301103961961481,0.0778688524590164,122,0,0.0089138687558763,0.626446129802574,-0.00647117514054394
NsiI.TP44015,3,59016749,0.301291836207351,0.0532786885245902,122,0,0.00890691157532708,0.626446129802574,0.00784816675567946
PstI.TP435100,6,52788813,0.301912211999257,0.0614754098360656,122,0,0.00888397842375566,0.626446129802574,-0.00660790604672355
PstI.TP283482,4,53765906,0.30201656136246,0.184426229508197,122,0,0.00888012701103646,0.626446129802574,-0.00454903886966874
PstI.TP901855,6,42551665,0.302208259454685,0.0778688524590164,122,0,0.0088730561699053,0.626446129802574,-0.00645634384798595
PstI.TP997226,7,  651806,0.302378274466823,0.127049180327869,122,0,0.00886678999859425,0.626446129802574,-0.00600857015590989
PstI.TP545419,3, 2528853,0.302973496648889,0.348360655737705,122,0,0.00884488823735197,0.626797697421085,0.00482440233333143
NsiI.TP488350,3,53232085,0.303951684402513,0.180327868852459,122,0,0.00880901638268172,0.62793945459313,0.00492944262903274
PstI.TP356253,8, 3819223,0.305940389243148,0.0983606557377049,122,0,0.0087365492224355,0.629548858282076,-0.00653191874192389
PstI.TP237442,3,60602220,0.306391615050037,0.110655737704918,122,0,0.00872019242656341,0.629548858282076,-0.00597140644755154
PstI.TP1186531,5, 1575450,0.30642176868088,0.0614754098360656,122,0,0.00871910048918312,0.629548858282076,-0.00789928514699079
PstI.TP864793,10,15183846,0.30644027928598,0.311475409836066,122,0,0.00871843024407293,0.629548858282076,0.0035630766542994
NsiI.TP502909,2,58325149,0.308118450240703,0.0737704918032787,122,0,0.00865788495461473,0.632114870758434,-0.00567120871533069
PstI.TP498398,1,10010021,0.309213558504499,0.0819672131147541,122,0,0.00861860779567825,0.633479237381261,0.00696615194917006
PstI.TP789962,2,75761816,0.312882796561588,0.0860655737704918,122,0,0.00848832577689407,0.640106054632248,0.0061131274188962
PstI.TP646559,8,62211239,0.314068544106336,0.147540983606557,122,0,0.0084466528147763,0.641640728805316,-0.00488121464046045
PstI.TP123922,11,    1028,0.314821315073796,0.282786885245902,122,0,0.00842030418830397,0.641801165591655,0.00390548057375655
PstI.TP966260,1,65795867,0.316303369750921,0.262295081967213,122,0,0.00836867111490192,0.641801165591655,0.00478402095368002
PstI.TP881184,2,76620224,0.316350196602596,0.10655737704918,122,0,0.00836704492897977,0.641801165591655,-0.00620516348363393
NsiI.TP452078,11,   14486,0.316441576319891,0.147540983606557,122,0,0.008363872442817,0.641801165591655,0.00557048093820813
PstI.TP762318,2,61355207,0.316600529430359,0.0901639344262295,122,0,0.00835835685210362,0.641801165591655,-0.00660600019451289
PstI.TP347106,6,54444929,0.316761335631455,0.25,122,0,0.00835278068205758,0.641801165591655,0.00430160597651108
PstI.TP310237,6,47646564,0.318100958638848,0.389344262295082,122,0,0.0083064724538483,0.642932662504842,-0.00346799973412625
PstI.TP1071629,8,  381311,0.318192743357793,0.184426229508197,122,0,0.00830330907582422,0.642932662504842,-0.00419600166926118
PstI.TP1169832,4,56534152,0.319027912441396,0.102459016393443,122,0,0.00827458020967087,0.643737143871474,-0.00626046485236267
PstI.TP835882,7,58925507,0.320343464799447,0.168032786885246,122,0,0.00822952823150969,0.645507419493278,0.00498162980893051
PstI.TP858902,4,66143706,0.324256765568465,0.282786885245902,122,0,0.00809695396293475,0.652500294648017,0.00356519899594574
PstI.TP81008,11,     677,0.327000684190817,0.385245901639344,122,0,0.00800526002805457,0.657124157998737,0.00303963898571328
PstI.TP475994,11,    3613,0.32814741044276,0.159836065573771,122,0,0.00796724360699674,0.658530157468917,0.00441213091991405
PstI.TP315020,1,77386737,0.329558414197586,0.147540983606557,122,0,0.00792070903823394,0.660461964779653,0.00487512250678561
PstI.TP1055459,3,58609425,0.330792411389977,0.0983606557377049,122,0,0.00788023040140162,0.661328423941445,0.00620354971680136
PstI.TP31637,11,     249,0.330888695481904,0.290983606557377,122,0,0.00787708052760849,0.661328423941445,0.00341263271643667
PstI.TP825325,11,    5705,0.33213389552858,0.463114754098361,122,0,0.00783645512985498,0.662917653270459,-0.00303049867931667
PstI.TP180949,1,70527436,0.333186083682667,0.19672131147541,122,0,0.00780228607052991,0.664117863686832,0.0050230086301698
PstI.TP794569,2, 3715278,0.333979395044784,0.0614754098360656,122,0,0.00777661968930654,0.664799525541848,0.00653281386298156
PstI.TP982120,2,21428233,0.334737761609375,0.0655737704918032,122,0,0.00775216053009176,0.665409882389487,0.00605586946834514
PstI.TP943645,10,  536366,0.336156059450328,0.10655737704918,122,0,0.00770661687191032,0.665938616337344,0.00458870352397515
PstI.TP306737,3,71220834,0.336285946006761,0.0737704918032787,122,0,0.0077024589819894,0.665938616337344,-0.00687466029825563
PstI.TP271997,7, 1839611,0.337010659734316,0.266393442622951,122,0,0.00767929940322387,0.665938616337344,0.00445867229778556
NsiI.TP521254,5,58096704,0.33764824109733,0.0532786885245902,122,0,0.0076589798747031,0.665938616337344,0.00727763241369931
PstI.TP1052207,11,    7304,0.338002051971388,0.180327868852459,122,0,0.00764772639502265,0.665938616337344,0.00446410957601742
PstI.TP995394,9,50625938,0.338413873873195,0.491803278688525,122,0,0.00763464784015699,0.665938616337344,-0.00352137962250766
PstI.TP802084,10,  555823,0.338483450303,0.0532786885245902,122,0,0.00763244037285338,0.665938616337344,0.00786567961963837
PstI.TP1245357,1, 6748280,0.338620518422723,0.0983606557377049,122,0,0.0076280933774594,0.665938616337344,-0.00555441465860386
PstI.TP547839,3, 4042596,0.343882337317113,0.114754098360656,122,0,0.00746300200827155,0.674621812068277,-0.00487430816557502
PstI.TP793079,3,52368295,0.343951786057893,0.110655737704918,122,0,0.00746084602048513,0.674621812068277,0.00578015948849809
PstI.TP463129,9, 1621136,0.346040634696169,0.069672131147541,122,0,0.00739627516207275,0.676975968180148,0.00580970913930579
PstI.TP1025634,2,71277610,0.34670779636874,0.0655737704918033,122,0,0.00737576370221471,0.676975968180148,-0.00660833575571974
PstI.TP1007712,1,56295361,0.346897438598675,0.176229508196721,122,0,0.00736994311164962,0.676975968180148,-0.00499199064039639
PstI.TP947087,2,13610693,0.347581303698426,0.311475409836066,122,0,0.00734898966094655,0.676975968180148,-0.00491380111206993
NsiI.TP445017,9,55901846,0.347892899048702,0.483606557377049,122,0,0.00733946114509509,0.676975968180148,-0.0031908499909011
NsiI.TP432863,4,67320729,0.347909577673029,0.0983606557377049,122,0,0.00733895144570607,0.676975968180148,0.00598670442280453
PstI.TP6058,11,      37,0.348608858369042,0.0819672131147541,122,0,0.00731761144555543,0.676982497017695,-0.00641887704895824
PstI.TP802166,3,66915037,0.349018768950403,0.0532786885245902,122,0,0.0073051294013009,0.676982497017695,0.00769517497871976
PstI.TP802068,4,59707017,0.349653987557278,0.434426229508197,122,0,0.00728582620638285,0.676982497017695,0.0030887272548664
NsiI.TP36278,10,56255147,0.349751310407649,0.102459016393443,122,0,0.00728287297945207,0.676982497017695,0.00587333759305295
PstI.TP65472,2,55384747,0.351325660598349,0.204918032786885,122,0,0.00723525596296493,0.679137399030667,-0.00405106833854062
NsiI.TP363762,11,   13147,0.352586289014452,0.0532786885245902,122,0,0.00719733840652992,0.68007466976669,0.0070548959567402
PstI.TP314655,3,72791842,0.353155096224183,0.176229508196721,122,0,0.0071802906412769,0.68007466976669,0.00460749601633057
PstI.TP123530,10, 7243969,0.353195602424655,0.0573770491803279,122,0,0.007179078068275,0.68007466976669,-0.00738495597278762
PstI.TP1246574,10, 2518921,0.354786259675979,0.155737704918033,122,0,0.00713161188620381,0.682245640342973,-0.00456897538963012
PstI.TP887121,10,55720067,0.357736444507721,0.454918032786885,122,0,0.00704434927158604,0.68702188104286,0.00338131250561848
PstI.TP605734,4,16501301,0.363018637632305,0.217213114754098,122,0,0.00689057256698677,0.696258402646335,0.0034668833865305
PstI.TP840565,2,31129874,0.365035033374515,0.0901639344262295,122,0,0.00683268914117752,0.697815395105707,0.00597274480111033
PstI.TP454285,2,63153549,0.365068394349236,0.0901639344262295,122,0,0.00683173522142144,0.697815395105707,0.00517336354075916
PstI.TP781181,4,64170054,0.36527590270556,0.192622950819672,122,0,0.00682580448430992,0.697815395105707,-0.0036254437078042
PstI.TP836656,2,74973104,0.366160264406555,0.135245901639344,122,0,0.00680058147312568,0.697815395105707,0.00515715896988916
NsiI.TP494269,4,11587228,0.366199117730286,0.114754098360656,122,0,0.00679947528465286,0.697815395105707,0.00450281421638518
PstI.TP868925,4, 7967759,0.367169428855323,0.118852459016393,122,0,0.00677190280271778,0.6979506333362,0.00514277251059014
NsiI.TP769989,6,55440097,0.367217746663649,0.0655737704918033,122,0,0.00677053246351034,0.6979506333362,0.00677154792506823
NsiI.TP635032,8, 3980154,0.367841362746721,0.0532786885245902,122,0,0.00675286874440562,0.698019464410305,-0.0073985855025314
PstI.TP906726,3, 3716611,0.368201713405843,0.0532786885245902,122,0,0.00674268104438125,0.698019464410305,-0.00739300246645886
PstI.TP842278,6,59205393,0.368957252679678,0.180327868852459,122,0,0.00672136602606455,0.698236336602699,-0.00430588950328354
PstI.TP842611,11,    5834,0.369264159004415,0.471311475409836,122,0,0.00671272516760613,0.698236336602699,-0.0028356474964569
PstI.TP1138376,1,51888724,0.371663549662957,0.110655737704918,122,0,0.0066455169895614,0.699249826386001,-0.00545519362167522
PstI.TP747280,5,12790396,0.372486117081848,0.0614754098360656,122,0,0.00662261678473819,0.699249826386001,-0.00641410145683026
PstI.TP623813,10,10751887,0.372627222455992,0.0819672131147541,122,0,0.00661869558155581,0.699249826386001,-0.00610464744549995
PstI.TP291849,1, 5571398,0.372868087753737,0.151639344262295,122,0,0.00661200696449793,0.699249826386001,0.00405931510838699
PstI.TP227133,2,71118714,0.373192211149845,0.0819672131147541,122,0,0.00660301595129209,0.699249826386001,-0.00523075077775002
PstI.TP738055,7,61683923,0.373590989353105,0.139344262295082,122,0,0.00659196915226079,0.699249826386001,0.00401372970185375
PstI.TP1150061,1,72347889,0.373777183045231,0.0737704918032787,122,0,0.00658681698277364,0.699249826386001,-0.00597956284492719
PstI.TP718531,3,10722354,0.373818910684295,0.069672131147541,122,0,0.00658566283323647,0.699249826386001,-0.00610587895863773
PstI.TP1201445,11,    8486,0.374072547991968,0.44672131147541,122,0,0.00657865136016411,0.699249826386001,0.00286203352262751
PstI.TP1069784,2,63643324,0.374842619617803,0.0573770491803279,122,0,0.00655740480380163,0.699492967313528,-0.00705796612678462
PstI.TP1114127,11,    7803,0.375284515594738,0.217213114754098,122,0,0.00654524056446559,0.699492967313528,-0.00366108283022963
PstI.TP469702,6,50857851,0.375746802844604,0.0655737704918032,122,0,0.00653253666567188,0.699492967313528,0.0066514674800859
PstI.TP570804,4, 4364673,0.376102124991388,0.344262295081967,122,0,0.00652278724540756,0.699492967313528,-0.0045121358354637
PstI.TP937647,11,    6560,0.377433491027972,0.0860655737704918,122,0,0.00648637256002305,0.701083899475665,-0.00561273890957722
PstI.TP1279895,1,18383885,0.379017427641269,0.102459016393443,122,0,0.00644328626105295,0.702289334533666,0.00526585497788489
PstI.TP579186,1,19637965,0.379035995216744,0.454918032786885,122,0,0.00644278270174314,0.702289334533666,0.00778517497699266
PstI.TP831757,3, 3676028,0.379836130963905,0.0737704918032787,122,0,0.00642111598392703,0.702887714710844,0.00590387146387822
PstI.TP338015,2,77540960,0.381293568279937,0.135245901639344,122,0,0.00638181669148907,0.704187933065719,-0.00499585307521364
PstI.TP884447,1,69119836,0.381494888381835,0.372950819672131,122,0,0.00637640497915803,0.704187933065719,-0.00308392531859816
NsiI.TP317101,3,61771383,0.385321336937524,0.241803278688525,122,0,0.00627431456944416,0.709996456792652,0.00364479193283976
PstI.TP1207347,1,72663921,0.386419795715922,0.200819672131148,122,0,0.0062452750314107,0.709996456792652,-0.00368419625367863
PstI.TP461927,1, 9014162,0.386805405545349,0.102459016393443,122,0,0.00623510886309897,0.709996456792652,0.00543445024398913
PstI.TP1263302,2,71707680,0.387045962459003,0.0573770491803278,122,0,0.00622877421385182,0.709996456792652,0.00598102702090049
NsiI.TP538662,6,48159780,0.387051700478276,0.0532786885245902,122,0,0.00622862318206796,0.709996456792652,-0.00710559698970295
NsiI.TP234267,3,70840629,0.388026587825721,0.0942622950819672,122,0,0.00620300952172792,0.710899457546377,-0.00559382887816525
PstI.TP76770,6,54052803,0.388553015084515,0.0532786885245902,122,0,0.00618921687292839,0.710979616421728,0.00708308401823468
PstI.TP345976,1,69318742,0.389388784192659,0.0737704918032787,122,0,0.00616737444077797,0.711405430113433,0.00615158039485698
PstI.TP325811,3,54129392,0.389924028092677,0.147540983606557,122,0,0.00615342151217513,0.711405430113433,0.00404675659156308
PstI.TP397772,10,13563411,0.390234614753329,0.168032786885246,122,0,0.00614533767288516,0.711405430113433,-0.00417324653911519
PstI.TP845769,4, 2010929,0.391873323725539,0.0573770491803278,122,0,0.00610283905784326,0.71350977237048,-0.00680894037272126
PstI.TP681637,2,72313757,0.392819575416911,0.176229508196721,122,0,0.00607841546509702,0.714349672332235,-0.0045335340841984
PstI.TP195741,3,67699319,0.393440820240159,0.122950819672131,122,0,0.00606242680031321,0.714597198783914,-0.0046302528922377
PstI.TP957775,9,27506778,0.394310530047082,0.110655737704918,122,0,0.00604010480972039,0.715294840836641,0.00520077446456159
PstI.TP64046,2,58295714,0.395922632828346,0.069672131147541,122,0,0.00599891670667585,0.71692320647588,0.00499565778764262
PstI.TP805691,4,66925540,0.396756160446782,0.0901639344262295,122,0,0.00597771601057906,0.71692320647588,-0.00558657671659318
PstI.TP358092,4,   78246,0.396946886141808,0.147540983606557,122,0,0.00597287401941737,0.71692320647588,-0.00437519228837109
PstI.TP632941,2,59755581,0.397155014585416,0.245901639344262,122,0,0.00596759407997927,0.71692320647588,-0.0042925724641053
NsiI.TP750593,4,61084375,0.398881071130038,0.114754098360656,122,0,0.00592396099664316,0.719059897549268,-0.00508455115203227
PstI.TP273678,3,12316343,0.399315000811474,0.069672131147541,122,0,0.00591303491709261,0.719059897549268,-0.00616844333603427
PstI.TP1005929,7,40209050,0.400498628149474,0.401639344262295,122,0,0.00588331979781731,0.719465415134158,0.00295863946394847
PstI.TP39923,4,59505323,0.40080748490983,0.0819672131147541,122,0,0.00587558700179502,0.719465415134158,0.00575175018383878
PstI.TP288176,11,    2290,0.401808558848687,0.0778688524590164,122,0,0.00585058304483821,0.719465415134158,0.00552559462949646
PstI.TP13077,6,48336818,0.401904506755166,0.110655737704918,122,0,0.00584819132776171,0.719465415134158,-0.00511748489616294
PstI.TP702779,7,56779453,0.402404149945603,0.122950819672131,122,0,0.00583575009713566,0.719465415134158,0.00492814264509637
PstI.TP774948,9,  243415,0.402784041394869,0.0819672131147541,122,0,0.00582630584473409,0.719465415134158,-0.00491348341430408
PstI.TP1066422,3,60988993,0.402993053814235,0.233606557377049,122,0,0.00582111527780182,0.719465415134158,0.0033661212900465
NsiI.TP260534,3,65628707,0.403653932089085,0.0860655737704918,122,0,0.00580472911648078,0.719465415134158,-0.00560673606950497
PstI.TP814682,10,53107040,0.40393611562522,0.0737704918032787,122,0,0.00579774449588,0.719465415134158,0.00505706474913119
PstI.TP119386,5,  372761,0.406038034964535,0.0532786885245902,122,0,0.00574594229756764,0.722335779592705,-0.00682472526402452
NsiI.TP34193,6,47900218,0.406962345284831,0.14344262295082,122,0,0.00572328721743398,0.722857900806486,0.00404338599081034
PstI.TP804144,11,    5574,0.407682718382045,0.331967213114754,122,0,0.00570568320741061,0.722857900806486,0.00317702472056714
PstI.TP140856,4, 4704020,0.408283782643838,0.274590163934426,122,0,0.00569102987235914,0.722857900806486,0.00326687001060913
PstI.TP106962,6,57047383,0.409225581401236,0.0614754098360656,122,0,0.00566813373254671,0.722857900806486,-0.00636901092508451
PstI.TP267556,3, 2124660,0.409352626420129,0.319672131147541,122,0,0.00566505109278326,0.722857900806486,-0.00288387852284277
PstI.TP541399,9,58259418,0.410020047187138,0.180327868852459,122,0,0.00564887990766616,0.722857900806486,0.00434807472783729
PstI.TP694159,3,61030989,0.410939343550797,0.0860655737704918,122,0,0.00562666962662206,0.722857900806486,0.00522756694948428
PstI.TP33096,6, 3180162,0.411134283754139,0.10655737704918,122,0,0.00562196931218162,0.722857900806486,-0.00508641056775574
PstI.TP1246584,1, 1015480,0.411178576263811,0.459016393442623,122,0,0.00562090181078034,0.722857900806486,-0.00261854018165668
PstI.TP608352,1,63849910,0.4113377045775,0.172131147540984,122,0,0.00561706803799378,0.722857900806486,-0.00385744438663843
PstI.TP581911,5, 1401801,0.411964139332252,0.0573770491803279,122,0,0.00560199711011,0.722857900806486,-0.00652356528089298
PstI.TP1189383,4,60173881,0.412552783294955,0.155737704918033,122,0,0.00558786632606822,0.722857900806486,-0.00381412322843985
PstI.TP217593,3,66787516,0.412711130059915,0.278688524590164,122,0,0.00558407021787333,0.722857900806486,-0.00306132827688928
PstI.TP165585,11,    1359,0.414308159240405,0.5,122,0,0.00554590468477378,0.724730615719738,-0.00265631694978227
PstI.TP834958,9,54418483,0.414764364597243,0.0532786885245902,122,0,0.00553504254703152,0.724730615719738,-0.00669830663405757
PstI.TP931336,4,65707584,0.415544317347103,0.176229508196721,122,0,0.00551651324159985,0.725233151009813,-0.00391741299012211
PstI.TP1248173,9,54556422,0.416264480346828,0.323770491803279,122,0,0.00549945036123056,0.725630271657843,-0.00336067644168909
PstI.TP506830,4, 5166890,0.418732811524893,0.381147540983607,122,0,0.00544130109691121,0.728844211014735,0.0046099194296884
PstI.TP1171121,1,67376990,0.42045678918212,0.135245901639344,122,0,0.00540099103179259,0.728844211014735,0.00441615554447227
PstI.TP815225,6,49235314,0.42074193996162,0.0573770491803278,122,0,0.00539434753768697,0.728844211014735,-0.00476232008722693
NsiI.TP468188,4,16051806,0.4207734031641,0.110655737704918,122,0,0.00539361491671742,0.728844211014735,0.0040457262588232
PstI.TP1136919,6, 6739369,0.420793372744358,0.0573770491803278,122,0,0.00539314996755214,0.728844211014735,-0.0064008083054396
PstI.TP49251,8,52811353,0.421077001747142,0.323770491803279,122,0,0.00538654984826348,0.728844211014735,0.00426773098737237
PstI.TP773869,2,66744137,0.423796539347049,0.336065573770492,122,0,0.00532360336279147,0.732013213018467,-0.00291748849158491
PstI.TP158908,11,    1303,0.423901745217075,0.135245901639344,122,0,0.00532118050111297,0.732013213018467,-0.00456185513988235
PstI.TP398042,11,    3104,0.424638760189741,0.368852459016393,122,0,0.00530423267481483,0.73240714720898,-0.00267852533525813
PstI.TP310118,11,    2455,0.425124311516414,0.069672131147541,122,0,0.0052930915754289,0.73240714720898,-0.00547397927022912
PstI.TP1215732,2,57449553,0.426237180667362,0.422131147540984,122,0,0.0052676289630943,0.733466550377365,-0.00335574256177418
NsiI.TP193365,6,50405862,0.426804917925323,0.069672131147541,122,0,0.00525467778883282,0.73358651587398,-0.00581491543400087
PstI.TP1045636,1,11697258,0.42838691332912,0.118852459016393,122,0,0.00521872685539371,0.735447463093,0.0045146515809773
PstI.TP678449,3, 6895124,0.429284133103611,0.0655737704918032,122,0,0.00519842695907968,0.736129834763235,0.00593352145718197
PstI.TP433676,2,75336590,0.430354443792454,0.118852459016393,122,0,0.00517429508626976,0.737107088030564,0.00449539183149454
PstI.TP1041006,1,57001520,0.431168950612534,0.172131147540984,122,0,0.00515599190032845,0.737644441640259,-0.00419832391251573
PstI.TP908250,10, 1283043,0.435737112071684,0.409836065573771,122,0,0.0050543091708013,0.744516817049682,-0.00257024987069361
PstI.TP89007,11,     746,0.436286784167763,0.10655737704918,122,0,0.00504218411585089,0.744516817049682,-0.00408421842088158
PstI.TP48113,11,     409,0.436702328534233,0.225409836065574,122,0,0.00503303331728022,0.744516817049682,-0.00313529767939542
PstI.TP75281,9, 3177941,0.438609220754867,0.19672131147541,122,0,0.0049912124348378,0.745732320265805,0.00330141122272537
NsiI.TP635574,5,10846526,0.438672789107902,0.229508196721312,122,0,0.00498982311617402,0.745732320265805,0.00341449205299444
PstI.TP857726,4,55633086,0.439143992674858,0.0819672131147541,122,0,0.00497953439841303,0.745732320265805,-0.00475658543455161
PstI.TP745907,2,50691405,0.439629311254347,0.377049180327869,122,0,0.00496895527860319,0.745732320265805,0.00253807908975746
PstI.TP685673,9,53035339,0.440349322790845,0.0614754098360656,122,0,0.00495329344664885,0.745732320265805,-0.00469507457184741
PstI.TP585747,7,57701465,0.440452897916667,0.069672131147541,122,0,0.00495104371697264,0.745732320265805,-0.00435026397097651
PstI.TP1045708,1,69041513,0.443377590104705,0.102459016393443,122,0,0.00488785354195809,0.749482744620799,-0.00439013947404936
PstI.TP132021,11,    1110,0.444040093075992,0.0655737704918033,122,0,0.00487362944570291,0.749482744620799,-0.00537173841518194
NsiI.TP184008,3,11490897,0.444194457606217,0.0532786885245902,122,0,0.00487031994092424,0.749482744620799,0.00628323479343426
PstI.TP370692,3,55164432,0.444902742053191,0.155737704918033,122,0,0.00485515755769295,0.749818923391706,0.00355527648343044
PstI.TP139507,11,    1154,0.446767101985409,0.225409836065574,122,0,0.0048154260010409,0.751117430321687,0.00320251825965792
PstI.TP98480,11,     808,0.446993155580435,0.0860655737704918,122,0,0.00481062613279282,0.751117430321687,-0.00510410895962118
NsiI.TP148994,4,66874533,0.447202977862946,0.069672131147541,122,0,0.00480617430106067,0.751117430321687,0.00556122051638774
PstI.TP166160,10,18059383,0.448001153182297,0.180327868852459,122,0,0.00478926907963984,0.751601023505152,0.00363470130302693
PstI.TP806450,1, 7007771,0.449426571268384,0.487704918032787,122,0,0.00475919590980578,0.753134629668179,0.00229697052621432
PstI.TP1000572,4,59072057,0.450458951798598,0.069672131147541,122,0,0.004737508164253,0.753953066285383,-0.00552135083232856
PstI.TP202284,10,56175041,0.450938663542038,0.385245901639344,122,0,0.00472745714957057,0.753953066285383,0.00252930139249936
PstI.TP618427,1,68135205,0.452402873433966,0.139344262295082,122,0,0.00469688243098876,0.755099455563029,-0.00424632781149903
PstI.TP530550,10,10541144,0.452649571800512,0.209016393442623,122,0,0.00469174635984082,0.755099455563029,-0.00385782451471831
PstI.TP1143289,11,    8009,0.453715482148258,0.0737704918032787,122,0,0.00466960554625395,0.75602138597781,0.00503467840093079
PstI.TP824467,6,48440964,0.454509960419775,0.463114754098361,122,0,0.00465315617414463,0.756239408492537,0.00256985436525758
PstI.TP1097010,2,19533020,0.454873126900467,0.114754098360656,122,0,0.00464565207117484,0.756239408492537,0.0045026673797808
PstI.TP1065133,1,75825553,0.458419888283748,0.0942622950819673,122,0,0.00457286099899079,0.758566570411161,0.00401829148055013
PstI.TP187548,10,53478010,0.458429060403492,0.0778688524590164,122,0,0.00457267391668825,0.758566570411161,0.00518058938587335
PstI.TP402429,1, 4990016,0.458431490802567,0.069672131147541,122,0,0.00457262434521388,0.758566570411161,-0.00542441764441992
NsiI.TP127064,3,72149010,0.458490839899561,0.0532786885245902,122,0,0.00457141396494776,0.758566570411161,0.00468428590223604
PstI.TP602287,7,10755063,0.45884780328333,0.413934426229508,122,0,0.00456413921852206,0.758566570411161,0.00256359321561369
PstI.TP120061,8,17255694,0.460818206633871,0.0614754098360656,122,0,0.00452414492308661,0.760969975753018,-0.00569010399528017
PstI.TP876849,3,66050191,0.462677688936626,0.188524590163934,122,0,0.00448665159723893,0.761164372902782,0.00383941386881623
PstI.TP1273751,7, 4585882,0.464360375524461,0.426229508196721,122,0,0.00445293037622418,0.761164372902782,-0.0052270842276497
NsiI.TP213158,2,67720379,0.464460571874276,0.270491803278689,122,0,0.00445092861387764,0.761164372902782,-0.00283076907947141
PstI.TP94114,1,68081418,0.464539899641326,0.0532786885245902,122,0,0.00444934426405819,0.761164372902782,0.00487662392956337
PstI.TP1029730,4,59112616,0.464776991552763,0.0614754098360656,122,0,0.00444461160647136,0.761164372902782,-0.00563986693741277
PstI.TP640416,11,    4495,0.464789043333443,0.10655737704918,122,0,0.00444437114109564,0.761164372902782,-0.00383446492282346
PstI.TP139651,2,69224467,0.465041498109833,0.0819672131147541,122,0,0.00443933629245419,0.761164372902782,-0.00499957867542435
PstI.TP308061,1,60402946,0.465069881610661,0.069672131147541,122,0,0.00443877049887931,0.761164372902782,-0.00429722021636489
PstI.TP244587,11,    1996,0.465880203234338,0.114754098360656,122,0,0.00442264102089795,0.76164432781818,0.00439326469598156
PstI.TP543247,4, 5947998,0.46679171302227,0.10655737704918,122,0,0.00440455126505068,0.761822434842914,0.00368979680078577
PstI.TP1074331,1,21885836,0.467480991823577,0.151639344262295,122,0,0.00439090964473376,0.761822434842914,0.0040045746455347
PstI.TP429801,10, 8035175,0.467540720365237,0.0942622950819672,122,0,0.00438972907565061,0.761822434842914,0.00409352298116899
PstI.TP807456,11,    5596,0.468488458781846,0.114754098360656,122,0,0.00437102900637221,0.762523204183049,0.00373033682795396
PstI.TP377456,3,68183917,0.470748054811406,0.135245901639344,122,0,0.00432669017037657,0.764944994304355,0.00395262426088134
PstI.TP1161045,2,61497818,0.471554896175051,0.0532786885245902,122,0,0.00431094143962385,0.764944994304355,0.00545997574616038
PstI.TP88428,11,     740,0.473001639521849,0.114754098360656,122,0,0.00428281183137169,0.764944994304355,-0.00413579995430022
PstI.TP925971,2,67121384,0.473951819539265,0.221311475409836,122,0,0.00426441318023851,0.764944994304355,0.0030882083935182
NsiI.TP502752,4,65830950,0.474307082156627,0.0819672131147541,122,0,0.00425754954891133,0.764944994304355,-0.00387311617097773
PstI.TP865707,4, 8265404,0.474307082156627,0.0819672131147541,122,0,0.00425754954891133,0.764944994304355,-0.00387311617097773
PstI.TP745785,6,45615805,0.47431388691766,0.413934426229508,122,0,0.00425741816360903,0.764944994304355,-0.00243893540544763
PstI.TP997632,9,10600783,0.475301530963785,0.131147540983607,122,0,0.00423838145939037,0.764944994304355,-0.00411143325915606
NsiI.TP51483,11,    9741,0.476449311867114,0.151639344262295,122,0,0.0042163392147484,0.764944994304355,-0.00392416188316036
PstI.TP151617,1,78724834,0.476753932940408,0.155737704918033,122,0,0.00421050379164345,0.764944994304355,0.0038924680644514
PstI.TP577735,2, 9251583,0.477242740218912,0.131147540983607,122,0,0.0042011527927619,0.764944994304355,-0.00378518983413176
PstI.TP1035670,7,59054724,0.477457077384712,0.176229508196721,122,0,0.00419705742285514,0.764944994304355,-0.00332026070004729
PstI.TP1057926,3,65160984,0.477476944085662,0.172131147540984,122,0,0.00419667797975132,0.764944994304355,0.00324421443335796
PstI.TP837664,1,73498170,0.477522296690974,0.0983606557377049,122,0,0.00419581186687878,0.764944994304355,-0.00452666976849926
PstI.TP189885,1,77223222,0.477766052111342,0.0737704918032787,122,0,0.00419115910454382,0.764944994304355,0.00394581572587576
PstI.TP10552,11,      79,0.479825592569722,0.155737704918033,122,0,0.00415200204470378,0.765929167386341,-0.00320045526836643
PstI.TP319520,8,62331057,0.480241283513226,0.069672131147541,122,0,0.0041441322363398,0.765929167386341,-0.00516401101938263
NsiI.TP304335,6,61272905,0.480757611261031,0.213114754098361,122,0,0.00413437280455065,0.765929167386341,0.00361196550329681
PstI.TP654237,3,63375812,0.481166440507905,0.491803278688525,122,0,0.0041266575245873,0.765929167386341,-0.00232349329751448
PstI.TP824743,4,51495892,0.481529076153492,0.168032786885246,122,0,0.00411982304406566,0.765929167386341,-0.00341696434765458
PstI.TP897101,11,    6253,0.481797499778873,0.069672131147541,122,0,0.004114769620575,0.765929167386341,0.00514568409298976
PstI.TP1071605,11,    7472,0.482463109233058,0.0737704918032787,122,0,0.00410225871029612,0.765929167386341,0.00471892591626405
PstI.TP780771,9,59133543,0.482762304433365,0.188524590163934,122,0,0.00409664428174739,0.765929167386341,-0.00315876049149713
PstI.TP1084987,1,78521283,0.483060554312227,0.0901639344262295,122,0,0.00409105332142079,0.765929167386341,0.0043848671232368
NsiI.TP502025,2,75191746,0.483601095998303,0.102459016393443,122,0,0.00408093494179784,0.765956050784188,0.00401142855255204
PstI.TP342466,2, 4686314,0.484117503924019,0.069672131147541,122,0,0.00407128581528504,0.765956050784188,-0.00453581722822795
PstI.TP684655,1, 5379329,0.485211823573282,0.397540983606557,122,0,0.00405089470082098,0.766434790237899,0.00248267706650093
PstI.TP662534,3,16373499,0.485536140890907,0.221311475409836,122,0,0.00404486617244759,0.766434790237899,0.00287421261152544
PstI.TP353784,1,18167193,0.486494515233119,0.0573770491803279,122,0,0.00402709064284401,0.766434790237899,0.00513242858063605
PstI.TP373660,8,62666468,0.486501377374362,0.131147540983607,122,0,0.00402696357693133,0.766434790237899,0.00384789139891488
PstI.TP125339,8,10914403,0.487896079239071,0.0614754098360656,122,0,0.0040011998170888,0.76781081700764,-0.00468597507285226
PstI.TP835148,1,11456164,0.488840609763728,0.0901639344262295,122,0,0.00398382160769595,0.768476220044794,0.00456066391210166
PstI.TP1259253,4, 9921203,0.489563170675856,0.282786885245902,122,0,0.00397056523321293,0.768791631562405,0.00263170827577578
PstI.TP532131,11,    3976,0.490665492793171,0.0983606557377049,122,0,0.003950404632862,0.769702098918361,0.00356413818669018
PstI.TP683199,10,56630287,0.491637598750319,0.225409836065574,122,0,0.00393268853605544,0.770263273708919,-0.00350118853825317
PstI.TP374085,2, 9617733,0.492069070305562,0.168032786885246,122,0,0.00392484405129345,0.770263273708919,0.00368439541262312
PstI.TP317521,4,66042591,0.493453745873003,0.14344262295082,122,0,0.00389974757904377,0.771404111862143,-0.00383543006399006
PstI.TP651505,10,11456346,0.494164643071114,0.122950819672131,122,0,0.00388690902409927,0.771404111862143,0.00357564618666096
PstI.TP543197,4,67169531,0.494475035241803,0.225409836065574,122,0,0.00388131322219798,0.771404111862143,-0.00301480556368664
NsiI.TP527435,3, 7664263,0.495374900612395,0.0983606557377049,122,0,0.00386512379301729,0.771404111862143,-0.0041354124230935
PstI.TP525574,6,53705599,0.495966615834071,0.10655737704918,122,0,0.00385450536064036,0.771404111862143,-0.00385189451761354
PstI.TP1144768,1,78240904,0.497438434787705,0.0655737704918032,122,0,0.00382818617913738,0.771404111862143,-0.00509182031665059
PstI.TP753660,4,67859176,0.497751491192524,0.0532786885245902,122,0,0.00382260511580035,0.771404111862143,-0.00514143524288255
PstI.TP673282,4,65067106,0.497753940240429,0.069672131147541,122,0,0.00382256147851257,0.771404111862143,0.00495961080287179
PstI.TP132499,9,56107884,0.498929684062761,0.0737704918032787,122,0,0.00380165406788657,0.771404111862143,-0.00482972989914287
PstI.TP1076182,6,47618418,0.499024994072019,0.0860655737704918,122,0,0.00379996291135054,0.771404111862143,0.00453637358284531
PstI.TP87823,2,12499508,0.499256702393991,0.139344262295082,122,0,0.00379585383116832,0.771404111862143,-0.00381736259511539
PstI.TP984525,10,58519750,0.499600302369181,0.0901639344262295,122,0,0.00378976645926121,0.771404111862143,-0.00444820046896389
PstI.TP756650,3,61832560,0.501299846647712,0.0737704918032787,122,0,0.00375976128803579,0.771404111862143,-0.00451764158383495
PstI.TP815699,2,20860666,0.501391483072506,0.172131147540984,122,0,0.00375814839954514,0.771404111862143,0.00299138823405949
PstI.TP443586,1, 7215893,0.501459592692036,0.327868852459016,122,0,0.00375694993181963,0.771404111862143,-0.00239742505507422
PstI.TP817132,11,    5654,0.501795327255175,0.0860655737704918,122,0,0.00375104635982981,0.771404111862143,-0.00388610739189345
NsiI.TP418719,1,80872893,0.501973181508045,0.348360655737705,122,0,0.00374792170046268,0.771404111862143,0.00202822021218301
PstI.TP1079268,4,62919464,0.502224401409229,0.245901639344262,122,0,0.00374351133364448,0.771404111862143,-0.00254321770793013
PstI.TP798238,3,73087364,0.507222255212239,0.258196721311475,122,0,0.00365655056782166,0.778269147841279,-0.00336146798562691
PstI.TP390264,6,57802308,0.510279562081788,0.110655737704918,122,0,0.00360408015124158,0.782145468206528,0.00383893553042305
PstI.TP724037,10, 1796215,0.511107546190424,0.0573770491803278,122,0,0.00358996382912458,0.782600224052489,0.0052222614274095
PstI.TP332665,1,62857264,0.513999412310344,0.0614754098360656,122,0,0.00354097147846488,0.783844478204153,0.00379438553745418
NsiI.TP83928,6,48792860,0.51453826695952,0.229508196721311,122,0,0.00353189571642931,0.783844478204153,-0.00262398915028944
PstI.TP926743,3, 3522183,0.515873080126119,0.114754098360656,122,0,0.00350948545669116,0.783844478204153,-0.00391352623112853
PstI.TP719095,9, 1109109,0.515903597453942,0.0819672131147541,122,0,0.00350897428938945,0.783844478204153,-0.00444492540895349
NsiI.TP688484,2,70530734,0.517039726064388,0.069672131147541,122,0,0.00348998180416904,0.783844478204153,-0.00381037611409253
PstI.TP573905,2,65757565,0.51709115203186,0.360655737704918,122,0,0.00348912386098743,0.783844478204153,0.00215822868580302
PstI.TP368020,3, 4665593,0.517134493708519,0.0655737704918032,122,0,0.00348840090526004,0.783844478204153,-0.00486059839733013
PstI.TP71898,8,55904365,0.517269991537082,0.131147540983607,122,0,0.00348614143765891,0.783844478204153,-0.00372877111539279
PstI.TP745827,1, 9270379,0.517916536191235,0.0778688524590164,122,0,0.00347537444946533,0.783844478204153,0.00451642556649903
PstI.TP617376,4,63931951,0.518364783414817,0.0778688524590164,122,0,0.00346792363206727,0.783844478204153,-0.00425416381626634
PstI.TP1266207,3,12109877,0.518605656181959,0.0573770491803279,122,0,0.003463924511102,0.783844478204153,-0.00421077708869858
PstI.TP8762,3,66427331,0.51876231339474,0.069672131147541,122,0,0.00346132534909949,0.783844478204153,0.0044265936432007
PstI.TP1096280,3, 1833730,0.519148883518992,0.0737704918032787,122,0,0.00345491753824201,0.783844478204153,-0.00460421281099683
PstI.TP963456,11,    6700,0.519601302094623,0.438524590163934,122,0,0.0034474289213059,0.783844478204153,-0.00199985080952152
PstI.TP234444,7,63993635,0.520000858765152,0.491803278688525,122,0,0.00344082488050479,0.783844478204153,-0.00228644024226367
PstI.TP667600,4,39529579,0.520434419337177,0.290983606557377,122,0,0.00343366896377906,0.783844478204153,0.00309813693237067
PstI.TP160013,6, 1913467,0.522723192172547,0.209016393442623,122,0,0.00339606732129982,0.786487499560942,0.0032821872270993
PstI.TP1027663,11,    7144,0.525250509489474,0.0901639344262295,122,0,0.00335488565560571,0.789483673957139,0.00348327756455107
PstI.TP691322,7,15663756,0.526570144845536,0.102459016393443,122,0,0.00333352310154478,0.790262926600889,-0.00362552546874971
PstI.TP624170,7,56509983,0.526841951067259,0.114754098360656,122,0,0.00332913494900711,0.790262926600889,0.0038116430692832
PstI.TP29613,3,56968925,0.527621234725487,0.168032786885246,122,0,0.00331657635854998,0.790626733215302,0.0026277435357759
PstI.TP82727,7,64210634,0.529923918127946,0.430327868852459,122,0,0.00327966145006975,0.792875685994961,-0.00206187630286258
PstI.TP725380,7,56007421,0.530563431806824,0.0819672131147541,122,0,0.00326946049612753,0.792875685994961,0.00405489362390342
PstI.TP447641,10, 6043610,0.531026113805177,0.122950819672131,122,0,0.0032620940430742,0.792875685994961,0.00297835013353195
PstI.TP425356,1,  569039,0.531862542793143,0.0532786885245902,122,0,0.00324880651363846,0.792875685994961,0.00513176152743757
PstI.TP1173316,9,48311669,0.532228176469281,0.102459016393443,122,0,0.00324300992876481,0.792875685994961,-0.00319679539456317
PstI.TP343679,11,    2707,0.532351699558056,0.0573770491803278,122,0,0.00324105328241642,0.792875685994961,-0.00431437167110216
PstI.TP458499,1,19100550,0.533003374832161,0.184426229508197,122,0,0.00323074414934676,0.792994480439132,-0.00274385616911802
PstI.TP57846,4, 4201581,0.533548484348615,0.213114754098361,122,0,0.00322213838612395,0.792994480439132,-0.00318867950679669
PstI.TP448080,1,70586488,0.534792892831316,0.114754098360656,122,0,0.00320255241777989,0.792994480439132,0.00291133865485519
PstI.TP988008,4,53910327,0.535085630610208,0.122950819672131,122,0,0.00319795701752645,0.792994480439132,-0.00364813783124714
PstI.TP427397,6,49196509,0.535936631305379,0.0737704918032787,122,0,0.00318462400227193,0.792994480439132,0.00358383954759376
PstI.TP648083,11,    4571,0.536475144467968,0.102459016393443,122,0,0.00317620682401465,0.792994480439132,0.003399433613233
PstI.TP1027273,3, 4274869,0.536543727448387,0.102459016393443,122,0,0.00317513595279573,0.792994480439132,0.00316316513078581
PstI.TP884909,1,23972025,0.53720408922016,0.0778688524590164,122,0,0.00316483770218934,0.792994480439132,-0.00385589996341828
PstI.TP901866,2, 7365029,0.53743810121245,0.274590163934426,122,0,0.00316119387594338,0.792994480439132,-0.00304000305198174
PstI.TP18098,2,23769344,0.537814993861978,0.114754098360656,122,0,0.00315533134584201,0.792994480439132,-0.00328234298641293
PstI.TP140016,6,57096158,0.539684672201668,0.315573770491803,122,0,0.0031263597739617,0.794955522153058,-0.00207441562321745
NsiI.TP229964,9,54430662,0.541438276085668,0.0573770491803278,122,0,0.00309935416733687,0.796741838835354,0.00485231711513462
NsiI.TP59381,6,54443739,0.54294814624456,0.118852459016393,122,0,0.00307623112983313,0.797672786908261,-0.00291407074872201
PstI.TP256025,6,39923562,0.543341942354351,0.44672131147541,122,0,0.00307021986267653,0.797672786908261,0.00227981328764564
PstI.TP1277536,2,23996480,0.543695504450709,0.0655737704918033,122,0,0.00306482964160582,0.797672786908261,-0.00425982514454452
PstI.TP1171163,2,76656926,0.544735817767433,0.10655737704918,122,0,0.00304900724121326,0.798403840369581,0.00342585743855662
PstI.TP12971,7,63081914,0.545543262618756,0.258196721311475,122,0,0.00303676526373731,0.798521560386791,0.00272627588757057
PstI.TP837802,1,78565577,0.54590034712118,0.114754098360656,122,0,0.00303136212155786,0.798521560386791,0.00363718536862299
PstI.TP701939,11,  789248,0.54779059546835,0.110655737704918,122,0,0.00300286973929731,0.799144994478911,0.00366702634493444
PstI.TP480204,7,17216627,0.547809587123559,0.0983606557377049,122,0,0.00300258440357715,0.799144994478911,-0.00382929144557496
PstI.TP316648,9,55957859,0.548514341450125,0.147540983606557,122,0,0.00299200906298103,0.799144994478911,0.00299629766511316
PstI.TP893748,2,71384719,0.548952534240196,0.0573770491803278,122,0,0.00298544649307675,0.799144994478911,0.00476231609989942
PstI.TP707030,4,55665489,0.54903919512061,0.102459016393443,122,0,0.00298414978445949,0.799144994478911,-0.00375961960492304
PstI.TP548769,11,    4062,0.550124045411294,0.0573770491803279,122,0,0.00296794959410407,0.799514034862235,-0.00389768109118992
PstI.TP690745,4,59576775,0.550739236072902,0.0778688524590164,122,0,0.00295878953511408,0.799514034862235,-0.00340400722779547
PstI.TP83740,4,66329319,0.551576575107239,0.0942622950819673,122,0,0.00294635264598164,0.799514034862235,0.00385523020297317
PstI.TP237881,11,    1949,0.552150880957437,0.151639344262295,122,0,0.00293784311637346,0.799514034862235,-0.00278042794128036
PstI.TP618070,8,   39449,0.55265502424951,0.147540983606557,122,0,0.00293038695191761,0.799514034862235,-0.00317452477352819
NsiI.TP688992,4,66776482,0.553365053001285,0.102459016393443,122,0,0.00291990756878713,0.799514034862235,-0.00371893123852635
PstI.TP444248,11,    3408,0.554277332940714,0.188524590163934,122,0,0.0029064804496588,0.799514034862235,0.00247545263848687
PstI.TP951441,3,53917406,0.554490179645315,0.0860655737704918,122,0,0.00290335375466089,0.799514034862235,-0.00375512045811161
PstI.TP142755,11,    1196,0.554690968063112,0.0778688524590164,122,0,0.00290040628140475,0.799514034862235,0.00337025572479028
PstI.TP402269,2,27615402,0.55513138076725,0.389344262295082,122,0,0.00289394833304812,0.799514034862235,0.00214851529242626
PstI.TP229147,2, 3390758,0.555263311380901,0.0655737704918032,122,0,0.00289201567556208,0.799514034862235,0.0044256479659279
PstI.TP456356,6,57185583,0.557050258258512,0.176229508196721,122,0,0.00286592441309985,0.801022199547183,-0.00232666754760709
NsiI.TP525011,10,  450727,0.557398339807103,0.0860655737704918,122,0,0.00286086061740853,0.801022199547183,-0.00393611232517444
PstI.TP642761,11,    4516,0.558817180639199,0.0942622950819672,122,0,0.00284028206533482,0.801802834988517,0.00378519875436662
PstI.TP1203869,1,74588086,0.559211355405122,0.0655737704918033,122,0,0.00283458277887239,0.801802834988517,-0.00438148285130409
PstI.TP724829,3,67406291,0.559574551505903,0.114754098360656,122,0,0.00282933821801656,0.801802834988517,-0.00351389644446744
PstI.TP172804,1,79485436,0.560968391525726,0.0942622950819673,122,0,0.0028092716474144,0.803018892825456,-0.00376447849732362
PstI.TP928184,9,58431631,0.563176292126697,0.122950819672131,122,0,0.00277768107248322,0.804070227597328,-0.00339997807729779
PstI.TP481755,1,51889649,0.563734692533882,0.0573770491803278,122,0,0.00276972935211273,0.804070227597328,-0.00398834884173262
PstI.TP508387,3,54826011,0.564388074458924,0.0614754098360656,122,0,0.00276044441470624,0.804070227597328,-0.00389219290919304
PstI.TP328277,11,    2601,0.565161219089212,0.0532786885245902,122,0,0.00274948446148349,0.804070227597328,-0.00407162350538688
PstI.TP689316,4,64420154,0.565483909335341,0.069672131147541,122,0,0.00274491866884308,0.804070227597328,0.00394196882202812
PstI.TP1081008,2,71118803,0.565708408156097,0.0901639344262295,122,0,0.00274174518631165,0.804070227597328,0.0035896525314762
PstI.TP1098788,11,    7687,0.56571430126791,0.221311475409836,122,0,0.00274166191511716,0.804070227597328,-0.00253719118288764
PstI.TP875573,3,60804814,0.56610098494389,0.213114754098361,122,0,0.00273620165898159,0.804070227597328,-0.00293841293533726
PstI.TP744556,1,76101544,0.566615679732536,0.430327868852459,122,0,0.00272894504191301,0.804070227597328,0.00193484561347442
PstI.TP54669,11,     453,0.567286312269994,0.0942622950819673,122,0,0.00271950912316576,0.804247101033399,0.00279975845749417
PstI.TP1059573,1, 3357749,0.569465324530369,0.155737704918033,122,0,0.0026889998611429,0.805927690569576,-0.00311066624561078
PstI.TP532263,10,50312279,0.569566005351615,0.102459016393443,122,0,0.00268759570875221,0.805927690569576,0.00356792376292738
PstI.TP508638,6,60618174,0.571613937708408,0.147540983606557,122,0,0.00265913948008345,0.807345851426799,-0.00314093935429979
PstI.TP139749,2,13559614,0.571664441981094,0.262295081967213,122,0,0.00265844025135242,0.807345851426799,-0.0021444645944952
PstI.TP27579,7, 4882106,0.572412395207724,0.0737704918032787,122,0,0.00264809911755237,0.807627833468369,0.0040309152216114
NsiI.TP815402,9,55446804,0.577165546465567,0.213114754098361,122,0,0.00258300236285136,0.813554880328975,-0.00285496756056566
PstI.TP32081,10,  516124,0.580633442175317,0.0901639344262295,122,0,0.00253617782905935,0.817660669526044,0.00363888204839475
PstI.TP981281,10, 3085207,0.58131333195336,0.0737704918032787,122,0,0.00252706346551856,0.817836234925787,0.00393771808625244
PstI.TP790069,2,  699673,0.583449365904193,0.266393442622951,122,0,0.00249856784643465,0.819608220872353,-0.00278317769558764
PstI.TP1057124,9, 9148132,0.583868002358114,0.377049180327869,122,0,0.00249300774672678,0.819608220872353,-0.0019058028596341
PstI.TP639375,5,  655773,0.58470035069012,0.0532786885245902,122,0,0.00248197691590901,0.819608220872353,-0.0044854230644663
PstI.TP548830,4,59544955,0.584798533697789,0.0942622950819673,122,0,0.00248067782961803,0.819608220872353,-0.00353747301324198
PstI.TP39347,5, 2639610,0.585908129920197,0.270491803278688,122,0,0.00246602720051081,0.820382771266588,-0.00252920827030697
NsiI.TP201900,7,59739247,0.587408669855236,0.131147540983607,122,0,0.00244630433615267,0.821702726207752,0.00312355003208404
PstI.TP288798,3,69828015,0.588637880026302,0.0860655737704918,122,0,0.00243022428705553,0.822189022619259,-0.0036277914439006
NsiI.TP615647,2,68626980,0.589943365937188,0.430327868852459,122,0,0.00241322158349178,0.822189022619259,-0.00169985096559427
PstI.TP336268,3,55896402,0.590466968005448,0.254098360655738,122,0,0.00240642385773715,0.822189022619259,-0.00225660533663617
PstI.TP22473,8, 5375523,0.59062351063711,0.364754098360656,122,0,0.00240439393134206,0.822189022619259,0.00221659059904835
PstI.TP338856,2,59737782,0.591190731989672,0.0655737704918033,122,0,0.00239704790354578,0.822189022619259,-0.00336746804669578
PstI.TP931840,6,60969038,0.591250004329985,0.127049180327869,122,0,0.00239628111114676,0.822189022619259,0.00288409768991138
PstI.TP1117462,6,45727155,0.59218107729704,0.0573770491803278,122,0,0.0023842568125455,0.822189022619259,-0.00303353856697745
PstI.TP1218439,9,53101439,0.592593783123554,0.14344262295082,122,0,0.00237893942084144,0.822189022619259,-0.00218394525859735
PstI.TP653791,11,    4607,0.592779865595148,0.0983606557377049,122,0,0.00237654439732915,0.822189022619259,-0.00324272477733348
PstI.TP879786,11,    6143,0.595226284921405,0.327868852459016,122,0,0.00234520140885097,0.82425589651992,0.00283145655653167
PstI.TP1199327,11,    8475,0.595389187981802,0.180327868852459,122,0,0.00234312382985746,0.82425589651992,-0.00234458716897386
PstI.TP1098875,4,67156223,0.596841949874379,0.069672131147541,122,0,0.00232464833605073,0.825491260248789,-0.00386766624096404
NsiI.TP311989,9,49682483,0.598215999276958,0.0614754098360656,122,0,0.00230726011088123,0.826615541214783,0.00406349966796325
PstI.TP798665,11,    5530,0.600164282233917,0.200819672131147,122,0,0.00228274821035801,0.828530447732484,-0.00270744101324787
NsiI.TP648509,10,41353679,0.600742184134452,0.0942622950819672,122,0,0.00227550962219991,0.828551720252854,0.00264322998360545
PstI.TP770044,2,73737012,0.603279350055318,0.209016393442623,122,0,0.0022439033162277,0.831272668504662,-0.00230740589021945
PstI.TP609962,5,53907385,0.603959616745358,0.19672131147541,122,0,0.00223547684205472,0.831432257444778,0.00260082693259465
PstI.TP298371,1,19099334,0.604570748781665,0.0942622950819672,122,0,0.00222792392764748,0.831496464010637,0.00291627552538681
PstI.TP310149,11,    2456,0.605968359279666,0.135245901639344,122,0,0.00221071200567535,0.832235716248477,0.00227900634501478
PstI.TP65744,2,60726974,0.606352902164542,0.159836065573771,122,0,0.00220599112143616,0.832235716248477,0.00279782146932084
PstI.TP797083,3,58432596,0.606803230991761,0.0983606557377049,122,0,0.00220047074324203,0.832235716248477,0.00286279389711068
PstI.TP411131,4,50796187,0.608417407833854,0.0532786885245902,122,0,0.00218075522320216,0.833673341152807,-0.00420443849362396
PstI.TP404112,4,61296221,0.609794504906831,0.0614754098360656,122,0,0.0021640240528068,0.834010286130525,0.00326130302771657
PstI.TP694211,6,54345892,0.610277109219683,0.0942622950819672,122,0,0.00215817986479983,0.834010286130525,0.00299423386824628
PstI.TP235160,11,    1931,0.610888985634718,0.254098360655738,122,0,0.00215078457072737,0.834010286130525,-0.00204349623332483
PstI.TP187405,1,73910743,0.611148255171217,0.0655737704918032,122,0,0.00214765580336596,0.834010286130525,-0.00356591464085114
PstI.TP622431,7,60027444,0.611494303476556,0.229508196721311,122,0,0.0021434842973167,0.834010286130525,-0.00213447931784389
PstI.TP944699,6,43235510,0.612707156707994,0.385245901639344,122,0,0.00212890405128685,0.834891435551226,-0.00160742288256954
PstI.TP303544,6,48368263,0.613850745578677,0.213114754098361,122,0,0.00211521380480373,0.835676661956924,0.00258354429732438
PstI.TP995173,2,70172526,0.617229326422677,0.282786885245902,122,0,0.00207509128782435,0.839155108333795,0.0018357191672763
PstI.TP783561,11,    5407,0.61792070824307,0.413934426229508,122,0,0.00206694005637431,0.839155108333795,0.00167471121138301
PstI.TP359861,6,42016593,0.618159142203265,0.14344262295082,122,0,0.00206413363080171,0.839155108333795,-0.00279038882824613
NsiI.TP717243,4,68249333,0.619552408185666,0.155737704918033,122,0,0.00204778219694501,0.839155108333795,0.00252817679153279
PstI.TP256850,6,49643828,0.619760097325418,0.479508196721311,122,0,0.00204535170507614,0.839155108333795,-0.00154383573172888
PstI.TP954118,11,    6658,0.620843073965343,0.0983606557377049,122,0,0.00203270730090799,0.839155108333795,0.00255664934284674
PstI.TP146062,11,    1230,0.621194387640145,0.0778688524590164,122,0,0.00202861600702819,0.839155108333795,0.00281859943524398
PstI.TP726878,1,13263594,0.621310150404992,0.131147540983607,122,0,0.00202726899426309,0.839155108333795,-0.00284347171982477
PstI.TP210200,11,    1720,0.621533077523537,0.102459016393443,122,0,0.0020246765906905,0.839155108333795,0.00244539110007821
PstI.TP1269599,4,68592536,0.623211098149067,0.127049180327869,122,0,0.0020052292681596,0.840642953255446,0.00285739277609831
PstI.TP1216947,11,    8569,0.624005755999802,0.069672131147541,122,0,0.00199606035006261,0.840642953255446,-0.00317597140898114
PstI.TP1176376,11,    8285,0.624347176416469,0.0778688524590164,122,0,0.00199212899400047,0.840642953255446,0.0027931365298885
PstI.TP1256498,2,75977176,0.625984303011452,0.385245901639344,122,0,0.001973344775689,0.841197464818316,0.00158909379271185
PstI.TP728734,7,37735277,0.626788743578707,0.159836065573771,122,0,0.00196415512879899,0.841197464818316,0.00264001266926747
NsiI.TP57495,11,    9811,0.626900104003669,0.155737704918033,122,0,0.00196288508062681,0.841197464818316,0.00247521538490552
PstI.TP140535,10,56266608,0.627139839404501,0.0614754098360656,122,0,0.00196015266278138,0.841197464818316,-0.00374538871946686
PstI.TP791364,11,    5478,0.627852510729608,0.0778688524590164,122,0,0.00195204380395131,0.841197464818316,0.00338484537901625
PstI.TP299690,1,69193739,0.629739719233132,0.114754098360656,122,0,0.00193067125405111,0.841197464818316,0.00290269022742863
PstI.TP59482,3,72881051,0.63037122776578,0.217213114754098,122,0,0.00192355188726112,0.841197464818316,0.002308761934932
PstI.TP386967,11,    3022,0.630883998702343,0.069672131147541,122,0,0.00191778305536006,0.841197464818316,0.00351293485666787
PstI.TP969702,4,58874917,0.631606875824593,0.295081967213115,122,0,0.00190966860638497,0.841197464818316,-0.00198766753184782
NsiI.TP457548,1,76928921,0.631704404252792,0.204918032786885,122,0,0.00190857545248924,0.841197464818316,-0.00246770297438977
PstI.TP493468,2, 4347785,0.631752413243478,0.172131147540984,122,0,0.00190803748217405,0.841197464818316,0.00194387763114544
PstI.TP198890,1,21626192,0.632010554988525,0.163934426229508,122,0,0.00190514644667317,0.841197464818316,0.00249192920926426
PstI.TP710752,6,48096840,0.632494018653948,0.0532786885245902,122,0,0.00189973920048503,0.841197464818316,-0.00392420362936867
PstI.TP235061,7,62394616,0.632754101166799,0.0778688524590164,122,0,0.00189683424992426,0.841197464818316,-0.00314625658985695
PstI.TP839848,4,11496748,0.633902877387208,0.237704918032787,122,0,0.00188403587903285,0.841964777629717,-0.00209470330846456
PstI.TP975023,2,61638010,0.635162367532691,0.0942622950819673,122,0,0.00187006521511701,0.842877628266354,0.00307139963812316
PstI.TP698749,5, 6782266,0.637472635390468,0.069672131147541,122,0,0.00184460463604619,0.845181990936237,-0.00344526003008527
PstI.TP1267977,1, 3576713,0.64000787926275,0.110655737704918,122,0,0.00181691020169428,0.84709893392113,0.00285241370900798
PstI.TP390724,1, 9756005,0.64006864457177,0.0983606557377049,122,0,0.00181624955539417,0.84709893392113,-0.00297823230311625
PstI.TP590182,1,71928782,0.642371771353942,0.0655737704918033,122,0,0.00179131769444629,0.849383859249871,-0.00306937151914763
PstI.TP323280,2,20594752,0.643873576827429,0.307377049180328,122,0,0.00177517327423515,0.850606079521796,0.00165670302145969
PstI.TP1163307,11,    8177,0.644720041293755,0.14344262295082,122,0,0.0017661129228238,0.850961129772134,0.00258110132484321
PstI.TP272941,6,53317238,0.64534271066386,0.135245901639344,122,0,0.00175946599433741,0.851020423283676,0.00242912363093071
PstI.TP30748,2,61112102,0.64664043199284,0.0983606557377049,122,0,0.00174566181890101,0.851096789061509,-0.0029197849516778
PstI.TP434977,1,79165905,0.647495900492155,0.0860655737704918,122,0,0.00173659802836201,0.851096789061509,0.0026441630622192
PstI.TP113896,6,40079998,0.64801645401133,0.155737704918033,122,0,0.00173109668530458,0.851096789061509,0.00232448217990934
PstI.TP582861,3,66513476,0.649306797083052,0.069672131147541,122,0,0.00171750553026173,0.851096789061509,-0.00294604124180071
PstI.TP751721,9,50513395,0.649739629647122,0.147540983606557,122,0,0.00171296101902585,0.851096789061509,0.00213512099020803
PstI.TP421127,4,57085377,0.650254723226251,0.0614754098360656,122,0,0.00170756228990943,0.851096789061509,0.00349574888087695
PstI.TP51816,4,64961913,0.651026083145374,0.241803278688525,122,0,0.0016994968551558,0.851096789061509,-0.00229167681054619
NsiI.TP580323,3,18001535,0.651238420335313,0.0942622950819672,122,0,0.00169728067606789,0.851096789061509,-0.00244807246852178
PstI.TP846454,7,54554537,0.651653365628314,0.147540983606557,122,0,0.00169295489607102,0.851096789061509,0.00232931466759527
PstI.TP835300,1,78565589,0.651860791705785,0.102459016393443,122,0,0.00169079498715774,0.851096789061509,-0.00258205031890522
PstI.TP547229,1, 6574881,0.652064685158787,0.0532786885245902,122,0,0.00168867348334101,0.851096789061509,0.00369979264637572
PstI.TP944748,1,64883503,0.65233419881225,0.0655737704918032,122,0,0.00168587166738954,0.851096789061509,-0.00337900473303517
PstI.TP1014707,1,60949616,0.65364596000381,0.217213114754098,122,0,0.00167227482811372,0.852053539013816,0.00189216250035646
PstI.TP935926,6,55352294,0.656418105459666,0.323770491803279,122,0,0.0016437581927784,0.854910582972668,0.00166471249321154
PstI.TP1133775,1,23057893,0.657381877530679,0.114754098360656,122,0,0.00163391294644555,0.855409457246192,-0.00255452104078547
PstI.TP770341,11,    5320,0.65913898575771,0.0860655737704918,122,0,0.00161605465562431,0.856517200657959,0.00280157283615122
PstI.TP353803,1,78947488,0.659396134111423,0.290983606557377,122,0,0.00161345099210908,0.856517200657959,0.00156932937901385
PstI.TP849876,1, 3050119,0.661198427625267,0.0901639344262295,122,0,0.00159527291335082,0.856538474131501,0.00249991349347278
PstI.TP1013004,7,23934216,0.661215289768541,0.0655737704918032,122,0,0.00159510342129243,0.856538474131501,0.00328678251058199
PstI.TP957946,2, 6015319,0.661328265288247,0.438524590163934,122,0,0.00159396811032175,0.856538474131501,0.00139465006991588
PstI.TP647611,4,59195320,0.661738481711914,0.147540983606557,122,0,0.00158984982970978,0.856538474131501,0.00242866181381753
NsiI.TP379046,9,58431629,0.662718674347718,0.213114754098361,122,0,0.00158003512584382,0.857012113899154,-0.00223291477379798
PstI.TP449117,2,63692942,0.663268031123581,0.426229508196721,122,0,0.00157455023865261,0.857012113899154,0.00204799245823327
PstI.TP1129801,1, 6608649,0.663879345993493,0.19672131147541,122,0,0.00156846010530365,0.857050198640154,0.00180920172753274
PstI.TP387329,9,55961556,0.665075987803949,0.184426229508197,122,0,0.00155657939184251,0.857685941117493,0.00177716818061532
PstI.TP1047533,10,57105290,0.665594353965113,0.0778688524590164,122,0,0.00155144953194442,0.857685941117493,0.00257432214903785
PstI.TP1294018,1, 2280325,0.666118612789146,0.0860655737704918,122,0,0.00154627159323073,0.857685941117493,0.00289375675756077
NsiI.TP444747,4,58371791,0.668424971474539,0.159836065573771,122,0,0.00152361437307913,0.859903915268119,-0.00203812712504521
NsiI.TP667943,2,74406586,0.671212838362986,0.19672131147541,122,0,0.00149649112394179,0.861866586953088,0.00219983477017536
PstI.TP1198035,9,52938506,0.671745589828652,0.0532786885245902,122,0,0.00149134074412061,0.861866586953088,-0.00347690628058446
PstI.TP1083210,2,74137420,0.672000555708416,0.360655737704918,122,0,0.00148887957055921,0.861866586953088,0.00229887309234295
PstI.TP289185,9,57455890,0.672291044405362,0.0942622950819672,122,0,0.00148607842272386,0.861866586953088,-0.00260209956105766
PstI.TP706856,1,74539608,0.673950400481371,0.0655737704918033,122,0,0.00147013709943911,0.86324255644266,0.00278062273731222
PstI.TP568763,10,55874415,0.674799951916489,0.467213114754098,122,0,0.00146201473154739,0.863579782079052,-0.00154754892774603
PstI.TP971832,4,66161848,0.676335652176418,0.381147540983607,122,0,0.00144739945125061,0.863605074884014,-0.00145798322415544
PstI.TP1288084,1,11935767,0.67647165016899,0.127049180327869,122,0,0.00144610931981004,0.863605074884014,-0.00216218289254669
PstI.TP358095,4,   78261,0.676697778705043,0.168032786885246,122,0,0.00144396567145655,0.863605074884014,-0.00215694035166677
PstI.TP299340,4,50252276,0.67812294779927,0.135245901639344,122,0,0.00143049836795095,0.863605074884014,-0.00219029626949284
PstI.TP938200,2,54569410,0.678337311815689,0.147540983606557,122,0,0.00142847912058297,0.863605074884014,0.00200734736306936
PstI.TP596173,6,60494225,0.678337455289073,0.438524590163934,122,0,0.00142847776966537,0.863605074884014,0.00124221939077229
PstI.TP695158,2,55008713,0.680672058019341,0.176229508196721,122,0,0.00140659473619587,0.865501729685876,0.00197811492866535
PstI.TP470828,11,    3576,0.681002379297984,0.131147540983607,122,0,0.00140351450047349,0.865501729685876,0.00218782146333788
PstI.TP262611,11,    2127,0.68406285098296,0.221311475409836,122,0,0.00137516331586363,0.867228134136181,0.00167588398695087
PstI.TP690066,11,    4769,0.684874028564009,0.319672131147541,122,0,0.00136770545294118,0.867228134136181,0.00151462067731644
PstI.TP1023443,2, 4929930,0.68564060167036,0.069672131147541,122,0,0.00136067941029772,0.867228134136181,0.00295902247892557
PstI.TP821727,3,51406610,0.685671507745964,0.0778688524590164,122,0,0.00136039658236387,0.867228134136181,0.00282570500810604
PstI.TP961110,1,65184135,0.685965177259065,0.14344262295082,122,0,0.00135771086104552,0.867228134136181,0.00196936437565797
PstI.TP244901,11,    1997,0.68635980072207,0.163934426229508,122,0,0.00135410674587655,0.867228134136181,-0.00185912958495879
PstI.TP1064534,3, 1870807,0.687046459701921,0.0737704918032787,122,0,0.00134784875341065,0.867228134136181,-0.00256126224214687
PstI.TP798247,10, 4317874,0.687070762075304,0.434426229508197,122,0,0.00134762757848084,0.867228134136181,0.00122972860238081
PstI.TP1162168,1,50144561,0.689354081939813,0.221311475409836,122,0,0.00132694127546895,0.869365207788823,-0.00203734221187017
PstI.TP1025367,11,    7121,0.694997487662614,0.467213114754098,122,0,0.00127660803466489,0.87472693514518,-0.00135487499184576
PstI.TP176380,9,58460036,0.695987741805173,0.159836065573771,122,0,0.00126789199271393,0.87472693514518,0.00212109073963101
PstI.TP953640,7,59672491,0.696317711038854,0.0614754098360656,122,0,0.00126499531759017,0.87472693514518,-0.00237268412634471
PstI.TP453426,11,    3473,0.696380337152147,0.102459016393443,122,0,0.00126444597830999,0.87472693514518,-0.00223290047176703
PstI.TP797783,3,57068036,0.696574809861029,0.155737704918033,122,0,0.00126274099397095,0.87472693514518,-0.00192256976684085
PstI.TP468115,1,69143489,0.697929071267628,0.139344262295082,122,0,0.0012509046626823,0.875681023830678,-0.0021913955687824
PstI.TP523465,2,75496167,0.698854823896714,0.0573770491803278,122,0,0.0012428504704215,0.876096302638178,-0.00307272018246459
PstI.TP982615,2,63682812,0.6999320841925,0.44672131147541,122,0,0.00123351582246722,0.876700646271729,0.00120777249762064
NsiI.TP236846,9, 5564156,0.702327639863775,0.348360655737705,122,0,0.00121290279085351,0.878953792284912,0.00129800381755798
PstI.TP1235985,1,62443684,0.703277720516645,0.155737704918033,122,0,0.00120478282812886,0.879395655620558,0.00200686091523865
NsiI.TP500617,6,55386702,0.70606713976268,0.168032786885246,122,0,0.00118112317264085,0.880215666381318,0.00195077551528884
PstI.TP570326,10,50662192,0.706411712925478,0.0942622950819672,122,0,0.00117821915516592,0.880215666381318,-0.00196722797402797
PstI.TP1093731,2,67823974,0.706544520325051,0.0819672131147541,122,0,0.00117710096311863,0.880215666381318,0.00211729151445952
PstI.TP159185,11,    1305,0.707484223596075,0.0655737704918033,122,0,0.00116920632142836,0.880215666381318,-0.00214605716216212
PstI.TP354591,1, 1050082,0.707515128023311,0.315573770491803,122,0,0.00116894720243554,0.880215666381318,-0.00178861731796926
PstI.TP99687,10, 5558897,0.708051606681799,0.14344262295082,122,0,0.00116445430893697,0.880215666381318,0.00177088833187263
PstI.TP1127994,4,66065200,0.709457046671649,0.0532786885245902,122,0,0.00115273085072698,0.880215666381318,0.00305681039213492
PstI.TP1252197,1, 5912854,0.709676068102935,0.118852459016393,122,0,0.00115090997904721,0.880215666381318,0.00178242509485704
PstI.TP1137784,7,10078994,0.709881031221422,0.278688524590164,122,0,0.00114920746989111,0.880215666381318,0.00178132032339545
PstI.TP129649,11,    1089,0.709909172885951,0.127049180327869,122,0,0.00114897382565682,0.880215666381318,-0.00162189406724655
PstI.TP847989,11,    5877,0.712778452896581,0.176229508196721,122,0,0.00112529370198788,0.882368154224034,-0.00140272578805263
PstI.TP929366,11,    6505,0.712936091880193,0.233606557377049,122,0,0.00112400083734321,0.882368154224034,-0.00134648739621602
PstI.TP957163,9,44644697,0.714368984203043,0.0860655737704918,122,0,0.00111228778607764,0.882368154224034,0.00245430039880585
PstI.TP326062,4,62667190,0.71450719138092,0.0819672131147541,122,0,0.00111116170794223,0.882368154224034,0.00250128407261778
PstI.TP1016623,7,64210878,0.71467490119206,0.0778688524590164,122,0,0.00110979611915918,0.882368154224034,-0.00255220559337648
PstI.TP544748,1,73791429,0.715239359228443,0.0819672131147541,122,0,0.00110520698114858,0.882368154224034,-0.0024945728659026
PstI.TP1021339,2,63565830,0.718107497435651,0.069672131147541,122,0,0.00108205494037283,0.885165141190555,0.00263873036042694
PstI.TP804730,10,56184709,0.718976196514795,0.14344262295082,122,0,0.00107509739260903,0.885494930991884,0.00186956923841019
PstI.TP48643,11,     411,0.721227971146563,0.114754098360656,122,0,0.00105718058873105,0.887526149957299,0.00183455524215662
PstI.TP480160,6,51153057,0.722422515787304,0.274590163934426,122,0,0.00104774485889958,0.888254061564857,0.00180716784769486
PstI.TP1046643,2,58595318,0.72454862329973,0.135245901639344,122,0,0.00103106856362689,0.888798076676877,0.00148410019695858
PstI.TP532535,10,53161445,0.725961603150224,0.389344262295082,122,0,0.00102006899053109,0.888798076676877,-0.0010628012385525
PstI.TP1131319,8,59436386,0.726789774058744,0.0614754098360656,122,0,0.00101365277636845,0.888798076676877,0.00250937530414024
PstI.TP133948,4, 3870704,0.727324120570354,0.418032786885246,122,0,0.00100952502123541,0.888798076676877,-0.00238414644429192
PstI.TP980214,1,10687788,0.728167628877465,0.418032786885246,122,0,0.00100302827335153,0.888798076676877,0.00124708360220159
PstI.TP619311,11,    4342,0.72869122489449,0.127049180327869,122,0,0.000999007344578806,0.888798076676877,0.00168511437499964
PstI.TP984199,11,    6827,0.728883756757978,0.340163934426229,122,0,0.000997531083888226,0.888798076676877,0.00120637564577291
PstI.TP56167,5,66355886,0.729045689421106,0.110655737704918,122,0,0.00099629039397231,0.888798076676877,-0.00211221807548399
PstI.TP360715,10,58959795,0.729208202762415,0.163934426229508,122,0,0.00099504612542678,0.888798076676877,-0.00147800943655208
PstI.TP1091418,6,61060394,0.730660296544439,0.102459016393443,122,0,0.000983966964632876,0.888798076676877,-0.00189209281277335
PstI.TP82716,1,72737215,0.732161165464366,0.30327868852459,122,0,0.00097258861214522,0.888798076676877,-0.00115103560856246
PstI.TP452304,3, 2977792,0.732455082135206,0.290983606557377,122,0,0.000970369044562713,0.888798076676877,0.00121703952516926
PstI.TP339945,11,    2686,0.732813291212599,0.0655737704918033,122,0,0.000967667793645766,0.888798076676877,0.00255999836270226
PstI.TP720344,6,53705499,0.73309525137673,0.0983606557377049,122,0,0.00096554449515962,0.888798076676877,-0.00197613424441647
PstI.TP100651,11,     821,0.733195759271842,0.430327868852459,122,0,0.000964788251507365,0.888798076676877,0.00122398941440845
PstI.TP680311,4,18313480,0.733302699337266,0.0655737704918032,122,0,0.000963983974338389,0.888798076676877,0.00255512088103881
NsiI.TP274184,4, 1065229,0.733496722108514,0.0655737704918032,122,0,0.00096252572039579,0.888798076676877,-0.00255318753702741
PstI.TP241635,1,75313297,0.733726042932167,0.131147540983607,122,0,0.000960803760257756,0.888798076676877,0.00195753966692876
PstI.TP203977,8, 2031282,0.735308970270621,0.0573770491803279,122,0,0.000948964559146614,0.88946950903326,0.00268496463070657
PstI.TP1223116,2,55714459,0.735488025799397,0.151639344262295,122,0,0.000947630503300823,0.88946950903326,0.00167556424155154
PstI.TP277532,7,58749000,0.737261367229946,0.229508196721311,122,0,0.000934474660679419,0.890882685750378,-0.0012970684434251
PstI.TP349556,9,56207028,0.739502783523853,0.0737704918032787,122,0,0.000917992726916284,0.892301289270296,0.00223229330410223
PstI.TP442698,6,59971726,0.739646893549919,0.405737704918033,122,0,0.000916938614331952,0.892301289270296,-0.00108998426672083
PstI.TP997652,1,64799296,0.740446296696003,0.262295081967213,122,0,0.000911103490343401,0.892534693153201,-0.0014940995045731
NsiI.TP507777,4,67027562,0.742445715518751,0.069672131147541,122,0,0.000896599546603927,0.894213032673034,0.00240198126292758
NsiI.TP621335,11,   16810,0.743594207668636,0.102459016393443,122,0,0.00088832664213645,0.894864597954167,0.00195524653471265
PstI.TP834485,1,62936010,0.746389510679932,0.0901639344262295,122,0,0.000868368641133932,0.897238696162478,0.00212926734392761
PstI.TP786567,1,65736737,0.74678522844209,0.307377049180328,122,0,0.000865563545734416,0.897238696162478,0.00102947162009592
PstI.TP487778,3, 1541283,0.747783566895955,0.0655737704918032,122,0,0.000858508980028927,0.897705944611036,-0.00225455598535211
PstI.TP1238248,4,64784268,0.750362062994804,0.0819672131147541,122,0,0.000840435880174129,0.900067849178621,-0.00217533765200813
PstI.TP126255,6,50898138,0.752580669486278,0.221311475409836,122,0,0.000825054802947034,0.901432193641179,0.00132721025478574
PstI.TP313639,4,51533595,0.753082188003027,0.069672131147541,122,0,0.000821599557083719,0.901432193641179,-0.00229932550161447
PstI.TP712192,5,71599707,0.753398583340635,0.0532786885245902,122,0,0.000819423832884691,0.901432193641179,0.00209278953965308
PstI.TP319571,1,11815150,0.754810570913008,0.262295081967213,122,0,0.000809752805885022,0.901432193641179,-0.00122958210926954
PstI.TP826904,1,71509086,0.755012722566696,0.122950819672131,122,0,0.000808373384781347,0.901432193641179,-0.00169078139721217
PstI.TP24650,4,62388602,0.755490901158069,0.131147540983607,122,0,0.000805115580954974,0.901432193641179,-0.0017205332547249
PstI.TP268085,2,64265265,0.755783271654349,0.0737704918032787,122,0,0.000803127235391776,0.901432193641179,0.00221987603515865
PstI.TP838393,7, 4341737,0.757019134375298,0.344262295081967,122,0,0.000794752211173533,0.902175715966678,0.00107989102562956
PstI.TP1248832,3,65713285,0.760340888000464,0.151639344262295,122,0,0.000772480059527569,0.905401881992468,0.0014673435236493
PstI.TP663427,1,70529598,0.761944286329373,0.0737704918032787,122,0,0.00076185325206235,0.906578298677841,0.00216208223677848
PstI.TP1266869,6,48545495,0.763299651040966,0.299180327868852,122,0,0.000752933035111036,0.907457938646766,0.00127921972789439
PstI.TP612450,3,59785572,0.765427207653661,0.0655737704918032,122,0,0.000739046266646004,0.90773308243378,-0.00223723887841006
PstI.TP1275567,7, 4355483,0.766267030036108,0.151639344262295,122,0,0.000733603443897057,0.90773308243378,-0.00147425377422109
PstI.TP945872,7,60295761,0.766631788001314,0.168032786885246,122,0,0.000731246301972521,0.90773308243378,0.00159032860885685
PstI.TP459121,1,78162835,0.766908594662053,0.0655737704918033,122,0,0.00072946027646914,0.90773308243378,0.00222268217960047
PstI.TP940228,4,67759601,0.767708186706522,0.0655737704918033,122,0,0.000724314460424424,0.90773308243378,0.00221482859503548
PstI.TP1253448,10,49715585,0.767803503648544,0.463114754098361,122,0,0.000723702365705736,0.90773308243378,-0.000957391931820973
PstI.TP133743,4,55575218,0.768406123199084,0.0532786885245902,122,0,0.000719839052450766,0.90773308243378,-0.00223111704406219
PstI.TP179992,3,65808212,0.768461068428326,0.127049180327869,122,0,0.000719487365435145,0.90773308243378,-0.00152511801214366
PstI.TP1159632,10,56290471,0.76909964538316,0.114754098360656,122,0,0.000715406890124504,0.907759437219066,0.00156292462470618
PstI.TP988947,2,76243149,0.774209790862602,0.0819672131147541,122,0,0.000683206628248501,0.912038300646364,-0.00196132886485236
PstI.TP523962,11,    3914,0.774415153795211,0.409836065573771,122,0,0.00068192938218925,0.912038300646364,0.00163447087685317
PstI.TP876794,1,65066495,0.774582426414529,0.069672131147541,122,0,0.00068088999368543,0.912038300646364,0.00176273219322889
NsiI.TP452950,4,59507302,0.776520817016816,0.163934426229508,122,0,0.000668907900155835,0.9133631475985,0.00138386003862902
PstI.TP1123350,9,49499779,0.776947741982974,0.176229508196721,122,0,0.000666284337497047,0.9133631475985,-0.00150096821917634
PstI.TP418863,6,59970341,0.782422295798509,0.127049180327869,122,0,0.000633134555537596,0.917130520690573,0.00126717418362215
PstI.TP170196,11,    1398,0.782472202769659,0.368852459016393,122,0,0.000632836549575577,0.917130520690573,0.000952975433138541
PstI.TP168334,1,78240700,0.782813986993354,0.495901639344262,122,0,0.000630797708052855,0.917130520690573,0.00107920617280039
PstI.TP77625,9,53718156,0.783652618711404,0.131147540983607,122,0,0.000625810033144325,0.917130520690573,0.00141070711917714
PstI.TP262001,6,54443824,0.783733387110891,0.274590163934426,122,0,0.00062533079642868,0.917130520690573,-0.00104218571338591
PstI.TP142395,1,71238859,0.783888204717876,0.102459016393443,122,0,0.00062441274335634,0.917130520690573,-0.0015691161943539
PstI.TP689267,11,    4765,0.784533399679762,0.0860655737704918,122,0,0.000620594613394143,0.91715690295896,0.00173611262934822
PstI.TP1125574,8,50631722,0.785614664791739,0.0778688524590164,122,0,0.000614224139893094,0.917692625882817,0.00155094671402877
PstI.TP503391,2,73095782,0.788490314870056,0.286885245901639,122,0,0.000597453419673655,0.920321896833274,-0.00100370057753318
PstI.TP864305,1,77077806,0.791926016042061,0.180327868852459,122,0,0.000577742603416143,0.923151411263087,-0.00139053852495543
PstI.TP396492,4,59554328,0.792576792850157,0.0983606557377049,122,0,0.000574048928527082,0.923151411263087,-0.00167434621487416
PstI.TP1195390,1,78927004,0.792794660724919,0.0778688524590164,122,0,0.000572815187171227,0.923151411263087,-0.00183358613890262
PstI.TP4963,3,65245788,0.794402597793705,0.217213114754098,122,0,0.00056375364720429,0.924293069944808,-0.00107446291472042
NsiI.TP148399,3,63530653,0.800161518979755,0.110655737704918,122,0,0.000531931207302772,0.929691539649326,0.00141466562596957
PstI.TP586000,11,    4203,0.800351042547856,0.0901639344262295,122,0,0.00053090068374817,0.929691539649326,0.00157959412433016
PstI.TP598190,6,53317495,0.800935888536996,0.0614754098360656,122,0,0.000527727322595983,0.929691539649326,-0.00170180440658149
NsiI.TP426468,11,   13949,0.802834844157241,0.364754098360656,122,0,0.000517493387001133,0.931044461542549,0.000986408503858474
PstI.TP712963,11,    4936,0.803365587658235,0.225409836065574,122,0,0.000514652127509341,0.931044461542549,-0.000982411206217795
NsiI.TP426590,9, 2752496,0.804524037772584,0.0655737704918032,122,0,0.000508479389549565,0.931654015439479,0.00185572330210173
PstI.TP863870,3,61525095,0.805181263679565,0.0860655737704918,122,0,0.000504994978660633,0.93168264053417,-0.00149106287939307
PstI.TP1027912,7,58053493,0.80714489157273,0.135245901639344,122,0,0.000494660127085211,0.932684328640812,-0.00139088411499632
PstI.TP982126,9,58344631,0.807313319088279,0.159836065573771,122,0,0.000493778945425349,0.932684328640812,-0.00109840025833375
PstI.TP836370,2,74973263,0.808573579732321,0.311475409836066,122,0,0.000487211912341134,0.933408215474693,-0.00122324265326617
PstI.TP119425,2,73077344,0.809306089061107,0.311475409836066,122,0,0.000483416312395013,0.933522215494919,0.00126027234587707
PstI.TP609001,3,50049992,0.810157923267258,0.0737704918032787,122,0,0.000479022175007948,0.933773568836206,0.00171440867277035
PstI.TP642933,6,57096182,0.811211012472537,0.450819672131148,122,0,0.000473619216993626,0.934256310689637,0.000885879901667305
PstI.TP364228,9,56945624,0.812524000467931,0.188524590163934,122,0,0.00046692820756522,0.934414184870822,-0.0012385935426462
PstI.TP1038470,10, 2596422,0.812616816578088,0.14344262295082,122,0,0.000466457119181474,0.934414184870822,-0.000988341462258943
PstI.TP1164364,4, 7965997,0.815595736620746,0.286885245901639,122,0,0.000451470901728368,0.937108049955038,0.000872503204268241
PstI.TP335471,4,56710032,0.816304206131244,0.0819672131147541,122,0,0.000447944763763863,0.937191033227842,-0.00158813207259422
PstI.TP1270439,3,15756535,0.817239673789722,0.0573770491803278,122,0,0.000443311156677173,0.937206301162234,0.0015956175368008
NsiI.TP615967,11,   16721,0.817590018325506,0.213114754098361,122,0,0.000441582347228353,0.937206301162234,0.000878777133748717
PstI.TP95450,1,74768149,0.820133905115233,0.135245901639344,122,0,0.000429135942665582,0.939391323666204,0.0010889223235577
PstI.TP13311,11,     108,0.821210055495637,0.069672131147541,122,0,0.00042392703768579,0.939893093819016,-0.00165164199198927
NsiI.TP800848,3,59007084,0.824725827343254,0.131147540983607,122,0,0.000407142466822386,0.942208973625721,0.00127428457477362
PstI.TP923354,5,13005905,0.824796571803199,0.180327868852459,122,0,0.000406808380542523,0.942208973625721,-0.00112744836790691
PstI.TP967103,7,57294054,0.826367455070953,0.188524590163934,122,0,0.000399427042279243,0.942208973625721,0.00114557225901768
PstI.TP125060,9, 6374194,0.826404208333299,0.0655737704918032,122,0,0.000399255192945147,0.942208973625721,0.00153749562928927
NsiI.TP622507,11,   16837,0.827486677793483,0.0942622950819673,122,0,0.000394211210852369,0.942208973625721,-0.0012267126947442
PstI.TP1054397,9,42375267,0.828653769304523,0.151639344262295,122,0,0.000388810552131802,0.942208973625721,0.0010115011142455
PstI.TP30555,6,58396527,0.829259694288529,0.217213114754098,122,0,0.000386022048508683,0.942208973625721,-0.00106612357870078
PstI.TP1024604,4,59621675,0.829403239457667,0.188524590163934,122,0,0.000385362984450688,0.942208973625721,0.00112522339823238
PstI.TP10692,11,      83,0.830000969304297,0.159836065573771,122,0,0.00038262494357244,0.942208973625721,-0.00116521148768532
PstI.TP568504,4,65671693,0.830471189164691,0.139344262295082,122,0,0.000380478171409293,0.942208973625721,-0.00112063638457974
PstI.TP13629,2,74748191,0.832098681585142,0.0614754098360656,122,0,0.000373096674460616,0.942208973625721,0.0016340398314303
PstI.TP1047587,1,73170480,0.832473909988996,0.0778688524590164,122,0,0.000371405548628467,0.942208973625721,-0.00147644831674259
PstI.TP163375,2,71379619,0.833355864905399,0.0573770491803278,122,0,0.000367446451171705,0.942208973625721,0.00167074665815757
PstI.TP1176340,10,60292206,0.836125065674716,0.241803278688525,122,0,0.00035515943085096,0.942208973625721,-0.000830610093347534
PstI.TP213377,3,62690207,0.836246268938439,0.0573770491803278,122,0,0.000354626628895627,0.942208973625721,0.0015230455220778
PstI.TP461080,3,29174937,0.837453374487289,0.0860655737704918,122,0,0.000349343029983573,0.942208973625721,-0.00137545116393923
PstI.TP157314,3,67817635,0.837859151829299,0.0614754098360656,122,0,0.000347576194691723,0.942208973625721,0.00157716438633307
PstI.TP180781,3,54937150,0.837924607249098,0.0901639344262295,122,0,0.00034729162611058,0.942208973625721,0.00107999954096603
PstI.TP1247989,11,    8785,0.837924787666636,0.344262295081967,122,0,0.000347290841911208,0.942208973625721,-0.000978300506672182
PstI.TP516137,10, 8551151,0.838420134033759,0.151639344262295,122,0,0.000345141254899928,0.942208973625721,0.000807953309841086
PstI.TP901714,6, 3915493,0.838447373159272,0.438524590163934,122,0,0.000345023250708398,0.942208973625721,-0.000781733384418783
PstI.TP839519,11,    5813,0.839142768941278,0.0778688524590164,122,0,0.000342017804714878,0.942208973625721,-0.00120869972831373
NsiI.TP437987,11,   14225,0.839837654334328,0.0737704918032787,122,0,0.000339028242764328,0.942208973625721,-0.0012228886590926
PstI.TP510832,1,18167351,0.841443740232612,0.0573770491803278,122,0,0.000332170749247518,0.942208973625721,0.00158852577336617
PstI.TP456141,1, 9284445,0.842221900376863,0.0532786885245902,122,0,0.000328874458359496,0.942208973625721,-0.00150806383335493
PstI.TP1204456,10,59574064,0.842366271541092,0.0860655737704918,122,0,0.000328264781461085,0.942208973625721,-0.00120216636838397
PstI.TP697701,4,60476700,0.842483671543528,0.0778688524590164,122,0,0.000327769436995085,0.942208973625721,0.00124089279778641
PstI.TP137972,6,49743515,0.842837486628564,0.10655737704918,122,0,0.000326278941425007,0.942208973625721,0.0012253543584669
PstI.TP425439,2,73607787,0.843447761581864,0.192622950819672,122,0,0.000323716370959959,0.942208973625721,-0.000842939552293154
PstI.TP451853,11,    3460,0.843909085760406,0.258196721311475,122,0,0.000321786220151887,0.942208973625721,0.000774798216674502
NsiI.TP608142,11,   16637,0.844685996154009,0.0532786885245902,122,0,0.000318549229960885,0.942208973625721,-0.00160691469646745
PstI.TP1164091,6,56319647,0.84470710201891,0.290983606557377,122,0,0.000318461529754788,0.942208973625721,0.00100508708875016
NsiI.TP454955,1,79688846,0.845021352066201,0.0901639344262295,122,0,0.00031715722490222,0.942208973625721,-0.00107099273727258
PstI.TP727388,10,53174248,0.84616572025452,0.0860655737704918,122,0,0.000312430974710121,0.942208973625721,0.00107645506913926
PstI.TP862169,7,60979712,0.846392379658937,0.118852459016393,122,0,0.000311499239554647,0.942208973625721,0.00105989598038307
PstI.TP451905,1, 7339832,0.847328768431226,0.10655737704918,122,0,0.00030766530367532,0.942208973625721,-0.0010088785092947
PstI.TP39204,7, 8302668,0.847477465733868,0.184426229508197,122,0,0.000307058746035094,0.942208973625721,-0.00086765166886989
PstI.TP709057,6,54629080,0.848383949111688,0.344262295081967,122,0,0.000303374496630426,0.942208973625721,0.000726179501050635
PstI.TP683573,4,51515338,0.848459741594042,0.069672131147541,122,0,0.000303067495473597,0.942208973625721,-0.00130983962520488
PstI.TP693626,3,  692292,0.848819625255487,0.352459016393443,122,0,0.000301611968233861,0.942208973625721,0.00101845189365441
PstI.TP219584,2, 3429973,0.851324942785863,0.44672131147541,122,0,0.000291579950926213,0.944278343918356,-0.000627968320657419
PstI.TP908401,4,47909121,0.852722435792516,0.110655737704918,122,0,0.000286060306064151,0.945116740347913,-0.00113181275212165
PstI.TP904740,11,    6310,0.853849600493026,0.131147540983607,122,0,0.000281648128207856,0.945654482350547,0.000980069471227877
PstI.TP167190,7,62053736,0.855129412762464,0.0573770491803279,122,0,0.000276681412686219,0.945787377731848,-0.00144978487523285
PstI.TP320710,10,54501313,0.855253759089492,0.127049180327869,122,0,0.000276201282077948,0.945787377731848,-0.00101738908429026
PstI.TP549811,3,66531825,0.857225799336843,0.471311475409836,122,0,0.000268644352576675,0.946573390014078,0.000574630499041184
PstI.TP921414,2, 7249958,0.858181940316665,0.241803278688525,122,0,0.000265019347191364,0.946573390014078,0.000904965405255614
PstI.TP866942,4, 5761973,0.858690075196188,0.155737704918033,122,0,0.000263103205138115,0.946573390014078,0.000785334176012023
PstI.TP1127482,4,66065155,0.859237495485959,0.102459016393443,122,0,0.000261046948313859,0.946573390014078,-0.0011119695810566
PstI.TP516632,11,    3891,0.860767427735981,0.0655737704918033,122,0,0.000255344234828203,0.946573390014078,-0.0012295653939942
PstI.TP507933,11,    3837,0.860801974347753,0.147540983606557,122,0,0.000255216214620213,0.946573390014078,-0.00076205080535459
PstI.TP1181052,2,62344184,0.861829976546496,0.188524590163934,122,0,0.000251421864609358,0.946573390014078,-0.000908877343638413
NsiI.TP495411,11,   15163,0.862050274591222,0.131147540983607,122,0,0.000250612556636498,0.946573390014078,0.000924495582125983
PstI.TP1178906,2,60492006,0.862248591297923,0.0819672131147541,122,0,0.000249885151351825,0.946573390014078,-0.00106554343681334
PstI.TP97518,1,17476051,0.862390692056275,0.110655737704918,122,0,0.000249364610327207,0.946573390014078,0.000968597793253536
PstI.TP899837,4, 2894449,0.865170224556105,0.385245901639344,122,0,0.000239295040479148,0.948917156195937,0.000604892956173865
PstI.TP533938,6, 3839549,0.866390690911386,0.209016393442623,122,0,0.000234941056051041,0.949548725976542,0.000863285932335545
PstI.TP549546,10, 1280519,0.867506736031036,0.0532786885245902,122,0,0.000230995577202964,0.949925156166734,0.00136837892016819
PstI.TP1043816,4,10208138,0.868023937678495,0.0573770491803278,122,0,0.000229178796770091,0.949925156166734,-0.00131947385725128
PstI.TP918944,11,    6423,0.871014594672591,0.159836065573771,122,0,0.000218817947178818,0.95201163123924,0.000881169767015941
PstI.TP266635,9,48104553,0.871223135716562,0.0901639344262295,122,0,0.000218104654280293,0.95201163123924,0.000965400017946911
PstI.TP36138,11,     300,0.872234062447914,0.0655737704918033,122,0,0.000214663824184891,0.952409765741867,0.000960617893756136
PstI.TP954037,7,61167285,0.873341630761475,0.0614754098360656,122,0,0.000210926281309365,0.952912757119743,0.00107589577455903
PstI.TP15780,9,56211895,0.874228427106454,0.155737704918033,122,0,0.000207958010599696,0.95300000041714,-0.000716260182966573
PstI.TP860893,2,70230959,0.87481068418754,0.405737704918033,122,0,0.000206020817050678,0.95300000041714,-0.000595682253645993
PstI.TP745087,3,71534823,0.875362525841405,0.286885245901639,122,0,0.000204193393348318,0.95300000041714,-0.000586776877375653
NsiI.TP164112,2,75774037,0.877068319941596,0.102459016393443,122,0,0.000198597390579591,0.954005469316624,-0.000969885274338425
PstI.TP1184713,9, 8036705,0.877581405922625,0.450819672131148,122,0,0.000196929746705377,0.954005469316624,0.000473149581654974
PstI.TP543102,11,    4035,0.882416503665077,0.0860655737704918,122,0,0.000181567795803583,0.957454904115198,0.000894070651699103
PstI.TP604956,10, 5628757,0.882553052802273,0.180327868852459,122,0,0.000181143214732948,0.957454904115198,-0.000778622346619834
PstI.TP913069,7,37614334,0.882704521241302,0.122950819672131,122,0,0.000180672838366758,0.957454904115198,0.000867124307576
PstI.TP68223,7,59248949,0.884376543428223,0.450819672131148,122,0,0.00017552198262849,0.958468588903336,-0.000483056972068192
PstI.TP579734,11,    4164,0.885036140075721,0.102459016393443,122,0,0.000173510945792432,0.958468588903336,0.000906561006757985
PstI.TP55980,11,     467,0.885700146955484,0.159836065573771,122,0,0.000171498412530946,0.958468588903336,-0.000780096214667734
PstI.TP754866,1,69204551,0.886241831694734,0.475409836065574,122,0,0.000169865500511679,0.958468588903336,0.00128370788386229
NsiI.TP521277,1,77064058,0.887807585792295,0.0860655737704918,122,0,0.00016519033995388,0.959457501006641,-0.000782728574982058
PstI.TP226392,6,47819825,0.88892799411552,0.102459016393443,122,0,0.000161885773209081,0.959457610045269,-0.000875664893288527
PstI.TP998975,6,45505565,0.889485333645658,0.176229508196721,122,0,0.000160254618854272,0.959457610045269,-0.000667686052809442
NsiI.TP316618,11,   12598,0.890258678520762,0.368852459016393,122,0,0.000158005232649971,0.959457610045269,0.000476180561645529
PstI.TP91738,2,75325372,0.890413138446628,0.389344262295082,122,0,0.000157557904981176,0.959457610045269,0.000485148436744318
PstI.TP1162955,11,    8169,0.891404558548185,0.311475409836066,122,0,0.000154702061227807,0.959823768085875,-0.000689289585963335
PstI.TP940076,9,55493743,0.892078489305024,0.217213114754098,122,0,0.000152775956099194,0.959847782868006,-0.00063231601678417
NsiI.TP308443,11,   12504,0.894521027342075,0.0901639344262295,122,0,0.000145898083120599,0.959892589298237,-0.000789586344546876
PstI.TP1181279,10,61156077,0.894559341663625,0.147540983606557,122,0,0.000145791479416402,0.959892589298237,-0.000683551969643368
PstI.TP1215769,6,60047342,0.894774384236622,0.438524590163934,122,0,0.000145193892359896,0.959892589298237,-0.000410415837888273
PstI.TP141279,11,   12718,0.894802530133145,0.122950819672131,122,0,0.000145115769475734,0.959892589298237,-0.000777127417763744
PstI.TP580104,2, 5389101,0.895381489641963,0.127049180327869,122,0,0.000143513531983719,0.959892589298237,-0.000764424066262741
NsiI.TP39399,1, 4465777,0.896030081659929,0.0901639344262295,122,0,0.000141729337557517,0.959892589298237,-0.000778224169174197
PstI.TP86008,2,57163563,0.897590883635091,0.35655737704918,122,0,0.000137482288331436,0.960832863879578,0.0004853035330717
PstI.TP238084,3, 7339640,0.898212392099239,0.0737704918032787,122,0,0.000135809406582199,0.960832863879578,0.000813014689290612
NsiI.TP132109,2,72971977,0.901105794702747,0.0942622950819673,122,0,0.00012815834446922,0.96159481721177,0.000804046928157432
NsiI.TP48486,11,    9715,0.901686412447302,0.331967213114754,122,0,0.000126650149262719,0.96159481721177,-0.000409173427859043
PstI.TP265447,10, 6324176,0.902642495288913,0.491803278688525,122,0,0.000124186407064464,0.96159481721177,-0.000806689166013655
PstI.TP88913,6,50606419,0.902664413307743,0.0532786885245902,122,0,0.000124130214296692,0.96159481721177,-0.00100309784063902
PstI.TP521787,2,70479993,0.902895936750491,0.069672131147541,122,0,0.000123537429666198,0.96159481721177,0.000790112678532526
PstI.TP474225,2,71358734,0.903348556292069,0.221311475409836,122,0,0.000122382717764769,0.96159481721177,0.000511161783673464
PstI.TP1038754,8,58785840,0.903494383585261,0.44672131147541,122,0,0.000122011858819437,0.96159481721177,-0.000424943947666067
PstI.TP1264166,8,52135359,0.90593921544072,0.135245901639344,122,0,0.000115879325970347,0.963500696277387,-0.000673194369581789
PstI.TP704663,4,61217704,0.907194513281758,0.122950819672131,122,0,0.000112792873988687,0.964017560491929,-0.000631571158432981
PstI.TP195819,7,56569496,0.907734118399393,0.233606557377049,122,0,0.00011147910367193,0.964017560491929,-0.000439370812742974
NsiI.TP820576,2,73503160,0.910181294727456,0.241803278688525,122,0,0.000105618856269807,0.965920062776327,0.00057129959692142
PstI.TP975092,1,59040624,0.911227896123399,0.0532786885245902,122,0,0.000103161483231751,0.966334550748572,-0.000914457090704471
PstI.TP1225179,6,56654494,0.917794486586774,0.069672131147541,122,0,8.84110064982568e-05,0.971026859143387,0.000754264252323202
PstI.TP769015,4,60173826,0.918568289413594,0.118852459016393,122,0,8.67485528478484e-05,0.971026859143387,-0.000607827176835678
PstI.TP247650,4,67343889,0.918685280018379,0.069672131147541,122,0,8.64985955481012e-05,0.971026859143387,0.000746061941059376
PstI.TP547968,11,    4053,0.918845702094347,0.323770491803279,122,0,8.61564368381806e-05,0.971026859143387,0.000521342335779131
PstI.TP496795,5, 1513135,0.919253176957358,0.0983606557377049,122,0,8.52904281247735e-05,0.971026859143387,0.000523701587222217
PstI.TP473065,1,14979768,0.920020396487508,0.30327868852459,122,0,8.36718463110842e-05,0.971026859143387,-0.000342602262925074
PstI.TP975012,3,68051383,0.92074762693262,0.127049180327869,122,0,8.21520875782245e-05,0.971026859143387,-0.000578358638767951
PstI.TP148299,4,61873463,0.92185845434981,0.0778688524590164,122,0,7.9857844072051e-05,0.971026859143387,0.000684625144971043
PstI.TP1197361,4,52473553,0.922397514290494,0.0532786885245902,122,0,7.87563212746312e-05,0.971026859143387,-0.000799000873146553
PstI.TP270940,5,68495452,0.922456900514316,0.344262295081967,122,0,7.86354429114233e-05,0.971026859143387,0.000369712061756362
PstI.TP81443,3,72402402,0.923503932477962,0.176229508196721,122,0,7.65196407951363e-05,0.971026859143387,-0.000461374394189485
PstI.TP321113,7, 2693846,0.924212679760283,0.19672131147541,122,0,7.51039593762659e-05,0.971026859143387,0.000448741415446727
PstI.TP868305,3,57307103,0.924222441628668,0.114754098360656,122,0,7.50845537467182e-05,0.971026859143387,-0.000572429263599109
PstI.TP844985,2,58637331,0.927088331627724,0.0942622950819672,122,0,6.94968126705442e-05,0.972301682833081,0.000592093640199387
PstI.TP532345,9,38275195,0.927336350439012,0.0573770491803278,122,0,6.90234842193327e-05,0.972301682833081,-0.000724122449018285
PstI.TP1198735,11,    8470,0.927820343835955,0.102459016393443,122,0,6.81045095864974e-05,0.972301682833081,0.000518211636309883
PstI.TP124082,2,73100016,0.928076148040266,0.0942622950819672,122,0,6.76213138062209e-05,0.972301682833081,0.000530009559028605
PstI.TP651715,10,58956886,0.929031279582502,0.245901639344262,122,0,6.58324650405495e-05,0.972610572014944,-0.000337259367548812
PstI.TP393536,1,66632271,0.932791096804059,0.192622950819672,122,0,5.90255010083363e-05,0.974921515352296,-0.000359943173786224
PstI.TP256804,4, 2309598,0.933189899901173,0.0942622950819673,122,0,5.83254311768977e-05,0.974921515352296,0.00043769403796512
PstI.TP893646,2,69747250,0.933891185256588,0.25,122,0,5.71045761529332e-05,0.974921515352296,-0.000355672709936508
PstI.TP150789,2,64840814,0.934647283435097,0.0983606557377049,122,0,5.58028642564379e-05,0.974921515352296,-0.000522034319033589
PstI.TP401430,10,  261208,0.934961695068099,0.0573770491803278,122,0,5.5266015657196e-05,0.974921515352296,-0.000647951724912083
PstI.TP1088043,1,73790447,0.936121264179264,0.069672131147541,122,0,5.33086658166537e-05,0.974921515352296,-0.000549347751432778
PstI.TP448143,9, 6230587,0.936683925147123,0.147540983606557,122,0,5.23716939230257e-05,0.974921515352296,0.000396416583295048
NsiI.TP488601,1, 6409370,0.937115749193379,0.307377049180328,122,0,5.16582685712308e-05,0.974921515352296,-0.000287373028438264
NsiI.TP527741,10,55575641,0.938239030341595,0.0737704918032787,122,0,4.98255305952933e-05,0.974921515352296,-0.000552920270703888
PstI.TP780145,9,54592677,0.938522414244283,0.114754098360656,122,0,4.93684238604963e-05,0.974921515352296,0.000426321074777579
NsiI.TP501040,11,   15248,0.938889621850332,0.0819672131147541,122,0,4.87792589546343e-05,0.974921515352296,0.000431014021506766
PstI.TP532325,5,18806244,0.939181011734493,0.188524590163934,122,0,4.8314271171912e-05,0.974921515352296,-0.000334492470443983
PstI.TP1014264,1,75579176,0.940180916947932,0.114754098360656,122,0,4.67356937488006e-05,0.975272176524158,0.000432035440506847
PstI.TP966312,6,54237208,0.9419184466665,0.102459016393443,122,0,4.40553169356317e-05,0.976386961252466,-0.000400360609806865
PstI.TP703574,4, 5441522,0.943318275544784,0.139344262295082,122,0,4.19537611997534e-05,0.976615841651427,-0.000401323068704905
PstI.TP34641,9,51765933,0.943465269972831,0.127049180327869,122,0,4.17360742025474e-05,0.976615841651427,0.000380624625270724
PstI.TP1193013,6,60825902,0.94746894418598,0.102459016393443,122,0,3.6025699044484e-05,0.978816886443126,-0.000413085361258578
NsiI.TP193091,1,77956626,0.948077759025376,0.245901639344262,122,0,3.51943005365563e-05,0.978816886443126,0.000319344039331413
PstI.TP712552,7, 1086282,0.948338336619055,0.0655737704918033,122,0,3.48414341491132e-05,0.978816886443126,0.00038700738528309
PstI.TP759023,6,46253378,0.948530231617547,0.483606557377049,122,0,3.45827172200108e-05,0.978816886443126,-0.000744839180583885
PstI.TP603772,3, 3389590,0.948914130238142,0.0778688524590164,122,0,3.40680428037032e-05,0.978816886443126,0.000447164839119846
PstI.TP116169,4,62823977,0.951203342611649,0.159836065573771,122,0,3.10794260500735e-05,0.980491619081147,-0.000291091975530743
PstI.TP1212476,1,73145262,0.952688533174974,0.0819672131147541,122,0,2.92141153422909e-05,0.980773187390807,0.000405574605242685
PstI.TP759583,3,71370495,0.952808167791069,0.364754098360656,122,0,2.90663824565884e-05,0.980773187390807,-0.000323968753838385
PstI.TP933689,4,68479830,0.954571824582914,0.0737704918032787,122,0,2.69320997835498e-05,0.981902442465525,0.000406510392894781
PstI.TP742499,1,76179984,0.95599661177245,0.168032786885246,122,0,2.52675116747536e-05,0.981972095920453,0.000259889078207652
NsiI.TP97466,9,37982249,0.95600631873375,0.401639344262295,122,0,2.52563536354833e-05,0.981972095920453,0.000165059593703664
PstI.TP835676,4, 8640214,0.956639482447964,0.122950819672131,122,0,2.45338779841786e-05,0.981972095920453,-0.000274643379713023
PstI.TP780019,10, 4475781,0.959041571529459,0.122950819672131,122,0,2.18885579975625e-05,0.982949316735725,-0.000251337046764021
PstI.TP1251568,11,    8808,0.960471681826593,0.069672131147541,122,0,2.03854694036387e-05,0.982949316735725,0.000320959406498879
PstI.TP478908,2,14478233,0.961525929893817,0.254098360655738,122,0,1.93117374496232e-05,0.982949316735725,-0.000193635980784516
PstI.TP541874,2,55037354,0.962011978357434,0.135245901639344,122,0,1.88265122134101e-05,0.982949316735725,0.000235082055431546
PstI.TP875252,6,59755110,0.96214962705532,0.233606557377049,122,0,1.86902209878825e-05,0.982949316735725,0.000203794950990836
PstI.TP622318,7,63611772,0.962694127482294,0.110655737704918,122,0,1.81559542794529e-05,0.982949316735725,0.000285138147387853
PstI.TP180894,11,    1482,0.962842812333285,0.0778688524590164,122,0,1.80114134891163e-05,0.982949316735725,0.000265587318925321
PstI.TP187778,4,55772813,0.962929982382655,0.069672131147541,122,0,1.79269421883843e-05,0.982949316735725,-0.000300983618565267
PstI.TP1216566,1,79599777,0.965126937633209,0.0778688524590164,122,0,1.58636958376146e-05,0.983489694679321,-0.000305137962792183
PstI.TP372159,6,  397980,0.965181026013554,0.200819672131148,122,0,1.58144929405246e-05,0.983489694679321,-0.000225350037069836
NsiI.TP402781,11,   13547,0.966320536439844,0.114754098360656,122,0,1.47957053489023e-05,0.983489694679321,0.000224765324417845
PstI.TP1057943,11,    7366,0.966982840494157,0.229508196721312,122,0,1.42191808552017e-05,0.983489694679321,0.000144297220155386
PstI.TP1230363,2,67341370,0.967013222618616,0.0573770491803279,122,0,1.41930090399311e-05,0.983489694679321,0.000304694385699218
NsiI.TP19909,1,69328566,0.967465422668252,0.368852459016393,122,0,1.38063287452583e-05,0.983489694679321,-0.000132889419670581
PstI.TP700800,11,    4849,0.970915989446027,0.221311475409836,122,0,1.10318275644561e-05,0.986145070200434,0.00015346949452088
PstI.TP452364,1,70416615,0.971416494813869,0.0737704918032787,122,0,1.06552390536363e-05,0.986145070200434,0.00021679565655883
PstI.TP875232,4, 1379976,0.977114611539573,0.0614754098360656,122,0,6.82937940288397e-06,0.991081365291223,-0.000221076494661987
PstI.TP756240,11,    5223,0.977624727609061,0.0819672131147541,122,0,6.5282384175136e-06,0.991081365291223,0.000191722192911678
PstI.TP891127,6,55263071,0.980878242446933,0.0614754098360656,122,0,4.76742491994919e-06,0.992576260016947,-0.000184711476905075
PstI.TP840235,3,50897546,0.981007537677853,0.155737704918033,122,0,4.70315898115636e-06,0.992576260016947,-0.000102478749629492
PstI.TP1217033,2,63330699,0.981120865298489,0.0737704918032787,122,0,4.64718855863744e-06,0.992576260016947,0.000158827896243881
PstI.TP578565,2,63409175,0.985913142354684,0.0983606557377049,122,0,2.58712845080389e-06,0.9959855636365,-0.000112403492480497
PstI.TP941904,11,    6590,0.986000854631609,0.426229508196721,122,0,2.55500773660433e-06,0.9959855636365,6.26208110875324e-05
PstI.TP158812,4,10951684,0.98691743769315,0.155737704918033,122,0,2.23135710575306e-06,0.9959855636365,8.96071298384128e-05
PstI.TP334182,1,74360210,0.98803557857124,0.0778688524590164,122,0,1.86620956643679e-06,0.9959855636365,-0.000104658440959799
PstI.TP676134,9,57652835,0.988350492168141,0.0901639344262295,122,0,1.76925507655579e-06,0.9959855636365,9.11872445317381e-05
PstI.TP44472,3,66531786,0.989296701695382,0.159836065573771,122,0,1.49350157008232e-06,0.9959855636365,6.57433394676585e-05
PstI.TP581839,11,    4176,0.990765940044857,0.163934426229508,122,0,1.11160133497989e-06,0.9959855636365,5.1879007347452e-05
PstI.TP714411,6,51076791,0.991221208627284,0.262295081967213,122,0,1.00468807495702e-06,0.9959855636365,-5.24180000215902e-05
PstI.TP9799,11,      72,0.991264397078392,0.0573770491803278,122,0,9.9482659399186e-07,0.9959855636365,-8.06679286885284e-05
PstI.TP1287230,7, 7558451,0.991612518958753,0.151639344262295,122,0,9.17114051146584e-07,0.9959855636365,-5.57526297929728e-05
PstI.TP1244443,1, 3397749,0.992085592737891,0.135245901639344,122,0,8.16573453854552e-07,0.9959855636365,5.65112773212896e-05
NsiI.TP126131,9, 3184582,0.992604757242622,0.299180327868852,122,0,7.12953996506727e-07,0.9959855636365,-3.36388341622682e-05
PstI.TP873911,2,65476325,0.994606225922598,0.0942622950819672,122,0,3.79259307292656e-07,0.996737562026121,-4.15691524041203e-05
PstI.TP338917,3,70919217,0.994707546624846,0.0819672131147541,122,0,3.65144343317247e-07,0.996737562026121,-4.53426264464256e-05
PstI.TP663882,7,57555118,0.998575244352664,0.118852459016393,122,0,2.64621589085579e-08,0.999445531223489,-1.0616017814909e-05
PstI.TP777254,11,    5366,0.998767021018992,0.127049180327869,122,0,1.98178129462434e-08,0.999445531223489,8.29409404919622e-06
PstI.TP861895,3,12987175,0.99965781111441,0.0737704918032787,122,0,1.52642565254268e-09,0.99965781111441,-2.87852212780063e-06
